<!DOCTYPE html>
<html lang="de">
<head>
  <meta charset="UTF-8">
  <title>Mecklenburg-Vorpommern</title>

  <style>
    body {
      margin: 0;
      font-family: Arial;
      background: #f5f5f5;
      text-align: center;
    }

    h1 {
      margin: 20px;
    }

    svg {
      width: 80%;
      max-width: 900px;
    }

    /* TÜM ŞEHİRLER */
    path {
      fill: #a8c8e8;
      stroke: #333;
      stroke-width: 1;
      transition: all 0.3s ease;
      cursor: pointer;
    }

    /* HOVER EFEKTİ */
    path:hover {
      transform: scale(1.05);
      filter: brightness(1.2);
      stroke-width: 2;
    }

    /* TEXT */
    text {
      font-size: 12px;
      pointer-events: none;
      fill: #000;
    }

  </style>
</head>

<body>

<h1>Mecklenburg-Vorpommern</h1>

<!-- SVG BURAYA -->
<div>
 <svg
   xmlns:svg="http://www.w3.org/2000/svg"
   xmlns="http://www.w3.org/2000/svg"
   version="1.0"
   width="859.26123"
   height="607.25903"
   viewBox="0 0 859.26123 607.25903"
   id="svg2"
   xml:space="preserve"><defs
   id="defs174" />
	<style
   type="text/css"
   id="style4" />
	
		<g
   id="Hilfslinien_anzeigen">
		</g>
		<g
   id="Kreise">
			<g
   id="g10">
				<polygon
   points="351.75488,176.71216 370.14551,164.4231 368.99707,169.7981 373.60449,172.09888 376.6748,179.78345 389.72949,191.30396 390.49707,195.91138 385.88965,197.8313 390.88379,200.90356 389.34668,206.27954 393.18652,208.19849 393.57129,221.25415 396.26074,225.48267 405.09082,220.10376 410.46777,226.24731 411.61816,231.62329 415.84473,230.08716 419.2998,232.0061 431.97168,231.2395 438.11621,238.91528 441.18848,238.53442 443.87402,236.61548 455.39746,247.75122 450.02051,252.74341 446.94629,263.49536 439.26855,262.72778 437.73145,259.65063 435.04395,260.80591 431.97168,263.49536 429.66895,262.34302 425.44434,263.49536 433.88965,267.71997 432.73926,274.24731 424.29004,278.85571 424.6748,284.61548 416.6123,281.9231 416.22754,275.39771 411.2334,274.63208 408.16309,272.32935 400.10059,273.09497 398.94629,275.01587 396.64355,276.93872 392.41895,282.31177 386.27637,279.23755 385.50684,269.2522 383.20215,266.95142 381.28418,267.71509 375.90918,273.47974 372.83691,278.46997 376.6748,284.23169 365.15527,281.15942 357.8584,282.31177 355.94043,276.552 354.01855,276.16724 352.4834,282.69556 351.71582,288.83911 349.41113,289.22388 346.33887,296.13403 350.94629,301.89575 350.56152,308.80591 341.34668,308.4231 336.35645,305.35181 338.65918,308.4231 336.35645,319.55981 332.5166,320.32544 320.22754,313.41528 316.3877,317.25122 315.61816,316.87036 319.45801,306.1145 315.23535,303.427 309.86035,303.43188 306.40332,296.90356 311.39746,287.68774 310.62793,283.8479 297.18848,285.38403 294.11621,279.62329 294.88379,275.78345 293.72949,275.01587 283.3623,282.30688 281.05957,289.60571 265.7002,292.67993 267.61816,283.46216 262.62793,280.38696 258.40137,279.62329 251.49121,288.83911 249.18848,287.68774 244.19824,289.60571 239.2041,295.36743 237.66895,291.52759 239.58691,285.76782 234.97754,278.08716 224.99707,274.24731 218.46973,276.16724 217.31348,264.64771 213.50488,261.57544 218.46973,251.97583 217.70215,248.13892 224.6123,245.44751 227.2998,238.53442 221.54004,238.53442 203.1084,257.35181 202.33887,250.05103 211.1709,236.99829 220.77246,233.54419 235.3623,217.7981 241.50879,213.57056 261.47559,215.11157 267.61816,216.26196 277.98535,215.88013 292.96191,209.73364 306.01855,205.12622 308.3252,204.35962 317.54199,218.18384 316.77441,221.63989 313.31934,221.25513 313.7002,223.55981 321.38184,230.85571 319.84473,234.31177 327.52441,249.67505 342.11621,246.97876 344.80371,242.75903 351.71582,242.37524 352.87012,238.53442 354.01855,232.0061 347.1084,224.7063 349.41113,218.18384 349.02832,208.96802 347.49121,207.81567 354.01855,199.75122 365.15527,199.36743 373.21777,194.37524 366.30957,187.07935 365.9248,176.71216 351.75488,176.71216 "
   style="fill:#d5e6f4"
   id="polygon12" />
				<polygon
   points="351.75488,176.71216 370.14551,164.4231 368.99707,169.7981 373.60449,172.09888 376.6748,179.78345 389.72949,191.30396 390.49707,195.91138 385.88965,197.8313 390.88379,200.90356 389.34668,206.27954 393.18652,208.19849 393.57129,221.25415 396.26074,225.48267 405.09082,220.10376 410.46777,226.24731 411.61816,231.62329 415.84473,230.08716 419.2998,232.0061 431.97168,231.2395 438.11621,238.91528 441.18848,238.53442 443.87402,236.61548 455.39746,247.75122 450.02051,252.74341 446.94629,263.49536 439.26855,262.72778 437.73145,259.65063 435.04395,260.80591 431.97168,263.49536 429.66895,262.34302 425.44434,263.49536 433.88965,267.71997 432.73926,274.24731 424.29004,278.85571 424.6748,284.61548 416.6123,281.9231 416.22754,275.39771 411.2334,274.63208 408.16309,272.32935 400.10059,273.09497 398.94629,275.01587 396.64355,276.93872 392.41895,282.31177 386.27637,279.23755 385.50684,269.2522 383.20215,266.95142 381.28418,267.71509 375.90918,273.47974 372.83691,278.46997 376.6748,284.23169 365.15527,281.15942 357.8584,282.31177 355.94043,276.552 354.01855,276.16724 352.4834,282.69556 351.71582,288.83911 349.41113,289.22388 346.33887,296.13403 350.94629,301.89575 350.56152,308.80591 341.34668,308.4231 336.35645,305.35181 338.65918,308.4231 336.35645,319.55981 332.5166,320.32544 320.22754,313.41528 316.3877,317.25122 315.61816,316.87036 319.45801,306.1145 315.23535,303.427 309.86035,303.43188 306.40332,296.90356 311.39746,287.68774 310.62793,283.8479 297.18848,285.38403 294.11621,279.62329 294.88379,275.78345 293.72949,275.01587 283.3623,282.30688 281.05957,289.60571 265.7002,292.67993 267.61816,283.46216 262.62793,280.38696 258.40137,279.62329 251.49121,288.83911 249.18848,287.68774 244.19824,289.60571 239.2041,295.36743 237.66895,291.52759 239.58691,285.76782 234.97754,278.08716 224.99707,274.24731 218.46973,276.16724 217.31348,264.64771 213.50488,261.57544 218.46973,251.97583 217.70215,248.13892 224.6123,245.44751 227.2998,238.53442 221.54004,238.53442 203.1084,257.35181 202.33887,250.05103 211.1709,236.99829 220.77246,233.54419 235.3623,217.7981 241.50879,213.57056 261.47559,215.11157 267.61816,216.26196 277.98535,215.88013 292.96191,209.73364 306.01855,205.12622 308.3252,204.35962 317.54199,218.18384 316.77441,221.63989 313.31934,221.25513 313.7002,223.55981 321.38184,230.85571 319.84473,234.31177 327.52441,249.67505 342.11621,246.97876 344.80371,242.75903 351.71582,242.37524 352.87012,238.53442 354.01855,232.0061 347.1084,224.7063 349.41113,218.18384 349.02832,208.96802 347.49121,207.81567 354.01855,199.75122 365.15527,199.36743 373.21777,194.37524 366.30957,187.07935 365.9248,176.71216 351.75488,176.71216 "
   style="fill:none;stroke:#000000;stroke-width:0.42519999;stroke-miterlimit:3.8636899"
   id="polygon14" />
			</g>
			<g
   id="g16">
				<polygon
   points="276.45215,550.32739 283.74707,543.80005 281.82715,534.96606 270.69043,541.87817 268.3877,536.88794 270.69043,534.96606 265.7002,529.97583 253.79785,529.59106 252.64355,524.98364 248.41895,518.06958 249.57129,509.2395 247.65332,505.77856 244.96582,499.63501 236.13184,491.57056 233.44434,492.72583 231.1416,484.66235 234.98145,474.67993 235.3623,474.67993 233.05957,472.75903 228.4541,471.99146 222.30957,465.8479 221.54004,464.69556 216.93066,468.53442 214.62793,479.28735 206.56152,479.67017 197.34668,476.5979 199.26855,472.75903 197.34668,468.91528 201.57129,466.99829 200.03809,462.0061 196.19824,447.41528 195.04395,440.88794 186.59668,442.80591 177.76465,443.57251 174.69043,439.73364 176.22754,430.51489 171.2373,425.1438 173.15527,419.37915 170.85254,415.15942 158.56152,403.25513 153.95605,404.79028 162.40137,415.15454 158.56152,421.68286 158.18066,425.91138 154.72168,427.44751 149.73145,423.99146 145.50879,427.44751 145.50879,422.45532 137.82715,422.83813 136.29004,430.51978 125.15527,435.89575 123.61816,435.89575 124.3877,428.21606 117.47559,427.8313 114.40137,421.68774 106.33887,422.06958 105.95605,424.37036 99.42871,425.13892 93.66699,422.83521 94.05371,416.31177 92.12988,414.77563 91.74316,411.31958 89.82715,410.16333 80.99707,406.32544 75.61816,413.62329 75.2373,415.54419 74.85254,430.51978 72.16504,434.74341 58.72559,437.427 56.03809,433.58716 52.19824,434.74341 52.96582,439.35181 54.49902,445.88013 52.19629,448.56763 50.27441,453.9436 52.96582,457.01587 44.13184,459.31958 43.74316,460.09106 37.60254,468.53735 25.69629,470.45435 23.77832,479.28735 21.09277,478.51978 10.72559,478.90356 8.80176,483.89575 6.88574,493.88013 7.26465,495.41235 6.88379,505.77856 2.27051,513.46216 14.56152,511.15942 15.33105,511.15942 26.08496,510.77563 39.91699,522.29419 40.29004,526.13403 49.12207,531.50513 56.41895,534.96606 63.71973,530.35962 63.33105,526.51978 65.6377,528.05591 74.08301,518.45532 76.77246,518.45435 80.99707,523.44653 90.21191,523.8313 95.19824,540.72778 102.11426,549.17114 112.87012,566.83813 124.77246,572.60083 124.77246,576.43286 137.82715,580.65942 137.44434,582.58325 132.4541,588.7229 135.52441,596.40552 138.21191,596.78638 144.35645,593.71997 145.50879,594.10376 154.72559,602.93384 168.16309,603.70337 170.46777,604.85571 183.13965,606.00708 182.37207,597.17505 183.13965,594.86841 188.51465,594.48755 197.73145,594.48755 200.41895,599.47778 217.7002,597.9436 217.7002,590.25903 221.9248,584.88794 220.3877,581.0481 218.08496,568.75903 220.77246,566.83813 226.14551,565.68774 228.83691,561.8479 234.98145,555.70337 238.81738,556.46802 249.95605,554.55005 254.18066,558.77563 257.25293,558.77563 259.1709,564.14966 266.46973,560.30981 273.38184,560.30981 280.6748,558.77563 276.45215,550.32739 "
   style="fill:#e8f1d2"
   id="polygon18" />
				<polygon
   points="276.45215,550.32739 283.74707,543.80005 281.82715,534.96606 270.69043,541.87817 268.3877,536.88794 270.69043,534.96606 265.7002,529.97583 253.79785,529.59106 252.64355,524.98364 248.41895,518.06958 249.57129,509.2395 247.65332,505.77856 244.96582,499.63501 236.13184,491.57056 233.44434,492.72583 231.1416,484.66235 234.98145,474.67993 235.3623,474.67993 233.05957,472.75903 228.4541,471.99146 222.30957,465.8479 221.54004,464.69556 216.93066,468.53442 214.62793,479.28735 206.56152,479.67017 197.34668,476.5979 199.26855,472.75903 197.34668,468.91528 201.57129,466.99829 200.03809,462.0061 196.19824,447.41528 195.04395,440.88794 186.59668,442.80591 177.76465,443.57251 174.69043,439.73364 176.22754,430.51489 171.2373,425.1438 173.15527,419.37915 170.85254,415.15942 158.56152,403.25513 153.95605,404.79028 162.40137,415.15454 158.56152,421.68286 158.18066,425.91138 154.72168,427.44751 149.73145,423.99146 145.50879,427.44751 145.50879,422.45532 137.82715,422.83813 136.29004,430.51978 125.15527,435.89575 123.61816,435.89575 124.3877,428.21606 117.47559,427.8313 114.40137,421.68774 106.33887,422.06958 105.95605,424.37036 99.42871,425.13892 93.66699,422.83521 94.05371,416.31177 92.12988,414.77563 91.74316,411.31958 89.82715,410.16333 80.99707,406.32544 75.61816,413.62329 75.2373,415.54419 74.85254,430.51978 72.16504,434.74341 58.72559,437.427 56.03809,433.58716 52.19824,434.74341 52.96582,439.35181 54.49902,445.88013 52.19629,448.56763 50.27441,453.9436 52.96582,457.01587 44.13184,459.31958 43.74316,460.09106 37.60254,468.53735 25.69629,470.45435 23.77832,479.28735 21.09277,478.51978 10.72559,478.90356 8.80176,483.89575 6.88574,493.88013 7.26465,495.41235 6.88379,505.77856 2.27051,513.46216 14.56152,511.15942 15.33105,511.15942 26.08496,510.77563 39.91699,522.29419 40.29004,526.13403 49.12207,531.50513 56.41895,534.96606 63.71973,530.35962 63.33105,526.51978 65.6377,528.05591 74.08301,518.45532 76.77246,518.45435 80.99707,523.44653 90.21191,523.8313 95.19824,540.72778 102.11426,549.17114 112.87012,566.83813 124.77246,572.60083 124.77246,576.43286 137.82715,580.65942 137.44434,582.58325 132.4541,588.7229 135.52441,596.40552 138.21191,596.78638 144.35645,593.71997 145.50879,594.10376 154.72559,602.93384 168.16309,603.70337 170.46777,604.85571 183.13965,606.00708 182.37207,597.17505 183.13965,594.86841 188.51465,594.48755 197.73145,594.48755 200.41895,599.47778 217.7002,597.9436 217.7002,590.25903 221.9248,584.88794 220.3877,581.0481 218.08496,568.75903 220.77246,566.83813 226.14551,565.68774 228.83691,561.8479 234.98145,555.70337 238.81738,556.46802 249.95605,554.55005 254.18066,558.77563 257.25293,558.77563 259.1709,564.14966 266.46973,560.30981 273.38184,560.30981 280.6748,558.77563 276.45215,550.32739 "
   style="fill:none;stroke:#000000;stroke-width:0.42519999;stroke-miterlimit:3.8636899"
   id="polygon20" />
			</g>
			<g
   id="g22">
				<polygon
   points="391.68457,523.05884 389.73145,521.52466 382.43652,519.60571 375.52441,521.1438 368.6123,508.46997 364.77246,510.38696 359.0127,514.61548 354.78613,516.15161 347.87402,508.08716 347.1084,512.69556 335.58691,513.8479 334.05371,505.39771 330.59668,504.63208 327.1416,505.39771 329.83496,513.07935 320.22754,518.83911 322.14551,523.8313 321.37988,531.8938 307.94043,541.87817 301.02832,542.25903 299.49121,542.25903 294.88574,540.34302 287.2041,551.85864 276.4541,550.32739 283.74707,543.80005 281.82715,534.96606 270.69043,541.87817 268.3877,536.88794 270.69043,534.96606 265.7002,529.97583 253.79785,529.59106 252.64355,524.98364 248.41895,518.06958 249.57129,509.2395 247.65332,505.77856 244.96582,499.63501 236.13184,491.57056 233.44434,492.72583 231.1416,484.66235 234.98145,474.67993 235.3623,474.67993 233.05957,472.75903 228.4541,471.99146 222.30957,465.8479 221.54004,464.69556 216.93066,468.53442 214.62793,479.28735 206.56152,479.67017 197.34668,476.5979 199.26855,472.75903 197.34668,468.91528 201.57129,466.99829 200.03809,462.0061 196.19824,447.41528 195.04395,440.88794 191.97168,432.4397 200.41504,429.75122 203.87402,414.01099 199.26855,409.40259 198.11426,394.03931 194.27441,391.35181 200.41895,380.98364 201.18848,368.69556 200.41895,364.85571 201.95605,358.71216 208.4834,358.70825 206.56543,361.78052 216.93066,359.47974 224.22754,361.39771 235.36816,358.7063 237.66895,361.39771 238.81934,353.33423 241.12402,351.41528 243.42871,352.18384 245.34863,354.87036 249.18848,347.2063 252.64355,350.26196 252.26074,352.17896 258.02051,356.40552 266.08301,357.55981 267.61816,356.79126 277.60254,358.7063 276.83496,363.69849 286.43652,368.31177 305.25293,367.15942 308.3252,366.0061 312.16309,368.69556 307.94043,370.99829 320.6123,375.98657 321.7627,378.67993 319.84473,378.67993 320.99707,381.75122 319.84473,384.4397 323.68457,391.34888 332.5166,401.71509 338.65918,402.87036 340.58105,400.95142 345.57129,405.55981 358.24316,402.48755 361.31543,417.07935 364.77246,419.38403 370.14551,421.68774 370.53027,423.98853 377.82715,424.7561 382.81738,429.75122 380.12988,448.56763 382.81738,455.47974 390.88379,462.38696 396.64355,462.38696 393.18848,466.23169 390.11621,471.60571 384.74121,474.67993 383.58691,482.74341 387.42871,494.26196 385.50879,494.26196 378.21191,500.40552 382.05371,503.47974 387.04395,505.78052 382.05371,509.62036 388.19824,508.46997 393.95801,517.68774 391.68457,523.05884 "
   style="fill:#e6d7e9"
   id="polygon24" />
				<polygon
   points="391.68457,523.05884 389.73145,521.52466 382.43652,519.60571 375.52441,521.1438 368.6123,508.46997 364.77246,510.38696 359.0127,514.61548 354.78613,516.15161 347.87402,508.08716 347.1084,512.69556 335.58691,513.8479 334.05371,505.39771 330.59668,504.63208 327.1416,505.39771 329.83496,513.07935 320.22754,518.83911 322.14551,523.8313 321.37988,531.8938 307.94043,541.87817 301.02832,542.25903 299.49121,542.25903 294.88574,540.34302 287.2041,551.85864 276.4541,550.32739 283.74707,543.80005 281.82715,534.96606 270.69043,541.87817 268.3877,536.88794 270.69043,534.96606 265.7002,529.97583 253.79785,529.59106 252.64355,524.98364 248.41895,518.06958 249.57129,509.2395 247.65332,505.77856 244.96582,499.63501 236.13184,491.57056 233.44434,492.72583 231.1416,484.66235 234.98145,474.67993 235.3623,474.67993 233.05957,472.75903 228.4541,471.99146 222.30957,465.8479 221.54004,464.69556 216.93066,468.53442 214.62793,479.28735 206.56152,479.67017 197.34668,476.5979 199.26855,472.75903 197.34668,468.91528 201.57129,466.99829 200.03809,462.0061 196.19824,447.41528 195.04395,440.88794 191.97168,432.4397 200.41504,429.75122 203.87402,414.01099 199.26855,409.40259 198.11426,394.03931 194.27441,391.35181 200.41895,380.98364 201.18848,368.69556 200.41895,364.85571 201.95605,358.71216 208.4834,358.70825 206.56543,361.78052 216.93066,359.47974 224.22754,361.39771 235.36816,358.7063 237.66895,361.39771 238.81934,353.33423 241.12402,351.41528 243.42871,352.18384 245.34863,354.87036 249.18848,347.2063 252.64355,350.26196 252.26074,352.17896 258.02051,356.40552 266.08301,357.55981 267.61816,356.79126 277.60254,358.7063 276.83496,363.69849 286.43652,368.31177 305.25293,367.15942 308.3252,366.0061 312.16309,368.69556 307.94043,370.99829 320.6123,375.98657 321.7627,378.67993 319.84473,378.67993 320.99707,381.75122 319.84473,384.4397 323.68457,391.34888 332.5166,401.71509 338.65918,402.87036 340.58105,400.95142 345.57129,405.55981 358.24316,402.48755 361.31543,417.07935 364.77246,419.38403 370.14551,421.68774 370.53027,423.98853 377.82715,424.7561 382.81738,429.75122 380.12988,448.56763 382.81738,455.47974 390.88379,462.38696 396.64355,462.38696 393.18848,466.23169 390.11621,471.60571 384.74121,474.67993 383.58691,482.74341 387.42871,494.26196 385.50879,494.26196 378.21191,500.40552 382.05371,503.47974 387.04395,505.78052 382.05371,509.62036 388.19824,508.46997 393.95801,517.68774 391.68457,523.05884 "
   style="fill:none;stroke:#000000;stroke-width:0.42519999;stroke-miterlimit:3.8636899"
   id="polygon26" />
			</g>
			<g
   id="g28">
				<polygon
   points="458.08301,394.03931 460.00293,391.35181 453.47363,384.05103 452.70996,382.51978 453.09277,376.37036 455.39746,369.84302 452.70996,361.39771 455.78223,351.03149 458.46973,350.64771 467.30371,350.64771 468.45605,338.37524 468.4541,334.15161 477.66895,330.69556 478.43457,316.48755 482.65918,312.64771 489.18848,312.26196 489.57129,309.95923 485.73145,309.19165 480.35645,301.89575 487.26855,291.1438 491.1084,289.98657 484.96191,279.2395 490.72559,268.48755 488.41895,261.95923 486.88379,261.19165 474.59668,251.58716 471.13965,255.43188 468.06738,257.35181 458.46973,248.13403 455.39746,247.75122 450.02051,252.74341 446.94629,263.49536 439.26855,262.72778 437.73145,259.65063 435.04395,260.80591 431.97168,263.49536 429.66895,262.34302 425.44434,263.49536 433.88965,267.71997 432.73926,274.24731 424.29004,278.85571 424.6748,284.61548 416.6123,281.9231 416.22754,275.39771 411.2334,274.63208 408.16309,272.32935 400.10059,273.09497 398.94629,275.01587 396.64355,276.93872 392.41895,282.31177 386.27637,279.23755 385.50684,269.2522 383.20215,266.95142 381.28418,267.71509 375.90918,273.47974 372.83691,278.46997 376.6748,284.23169 365.15527,281.15942 357.8584,282.31177 355.94043,276.552 354.01855,276.16724 352.4834,282.69556 351.71582,288.83911 349.41113,289.22388 346.33887,296.13403 350.94629,301.89575 350.56152,308.80591 341.34668,308.4231 336.35645,305.35181 338.65918,308.4231 336.35645,319.55981 332.5166,320.32544 320.22754,313.41528 316.3877,317.25122 315.61816,316.87036 319.45801,306.1145 315.23535,303.427 309.86035,303.43188 306.40332,296.90356 311.39746,287.68774 310.62793,283.8479 297.18848,285.38403 294.11621,279.62329 294.88379,275.78345 293.72949,275.01587 283.3623,282.30688 281.05957,289.60571 265.7002,292.67993 265.7002,296.90356 264.5459,304.20239 264.5459,310.34888 266.85254,311.50024 260.3252,316.10376 262.62793,323.78345 258.40137,326.46997 260.32324,336.83618 265.69824,337.60278 268.3877,339.1438 267.62012,342.21606 269.9248,350.26196 266.46973,354.09888 267.61816,356.78638 277.60254,358.7063 276.83496,363.69849 286.43652,368.31177 305.25293,367.15942 308.3252,366.0061 312.16309,368.69556 307.94043,370.99829 320.6123,375.98657 321.7627,378.67993 319.84473,378.67993 320.99707,381.75122 319.84473,384.4397 323.68457,391.34888 332.5166,401.71509 338.65918,402.87036 340.58105,400.95142 345.57129,405.55981 358.24316,402.48755 361.31543,417.07935 364.77246,419.38403 370.14551,421.68774 370.53027,423.98853 377.82715,424.7561 382.81738,429.75122 390.11621,423.22388 398.18066,422.45532 403.55566,428.98364 407.39551,422.83911 404.70801,403.25513 406.62012,399.42017 402.01855,392.11938 407.78223,389.81567 414.30957,392.88794 415.45996,381.75122 418.53223,379.44751 425.05957,385.97583 427.3623,395.57544 436.96191,394.03931 444.26074,395.57544 453.47363,399.7981 458.08301,394.03931 "
   style="fill:#e8f1d2"
   id="polygon30" />
				<polygon
   points="458.08301,394.03931 460.00293,391.35181 453.47363,384.05103 452.70996,382.51978 453.09277,376.37036 455.39746,369.84302 452.70996,361.39771 455.78223,351.03149 458.46973,350.64771 467.30371,350.64771 468.45605,338.37524 468.4541,334.15161 477.66895,330.69556 478.43457,316.48755 482.65918,312.64771 489.18848,312.26196 489.57129,309.95923 485.73145,309.19165 480.35645,301.89575 487.26855,291.1438 491.1084,289.98657 484.96191,279.2395 490.72559,268.48755 488.41895,261.95923 486.88379,261.19165 474.59668,251.58716 471.13965,255.43188 468.06738,257.35181 458.46973,248.13403 455.39746,247.75122 450.02051,252.74341 446.94629,263.49536 439.26855,262.72778 437.73145,259.65063 435.04395,260.80591 431.97168,263.49536 429.66895,262.34302 425.44434,263.49536 433.88965,267.71997 432.73926,274.24731 424.29004,278.85571 424.6748,284.61548 416.6123,281.9231 416.22754,275.39771 411.2334,274.63208 408.16309,272.32935 400.10059,273.09497 398.94629,275.01587 396.64355,276.93872 392.41895,282.31177 386.27637,279.23755 385.50684,269.2522 383.20215,266.95142 381.28418,267.71509 375.90918,273.47974 372.83691,278.46997 376.6748,284.23169 365.15527,281.15942 357.8584,282.31177 355.94043,276.552 354.01855,276.16724 352.4834,282.69556 351.71582,288.83911 349.41113,289.22388 346.33887,296.13403 350.94629,301.89575 350.56152,308.80591 341.34668,308.4231 336.35645,305.35181 338.65918,308.4231 336.35645,319.55981 332.5166,320.32544 320.22754,313.41528 316.3877,317.25122 315.61816,316.87036 319.45801,306.1145 315.23535,303.427 309.86035,303.43188 306.40332,296.90356 311.39746,287.68774 310.62793,283.8479 297.18848,285.38403 294.11621,279.62329 294.88379,275.78345 293.72949,275.01587 283.3623,282.30688 281.05957,289.60571 265.7002,292.67993 265.7002,296.90356 264.5459,304.20239 264.5459,310.34888 266.85254,311.50024 260.3252,316.10376 262.62793,323.78345 258.40137,326.46997 260.32324,336.83618 265.69824,337.60278 268.3877,339.1438 267.62012,342.21606 269.9248,350.26196 266.46973,354.09888 267.61816,356.78638 277.60254,358.7063 276.83496,363.69849 286.43652,368.31177 305.25293,367.15942 308.3252,366.0061 312.16309,368.69556 307.94043,370.99829 320.6123,375.98657 321.7627,378.67993 319.84473,378.67993 320.99707,381.75122 319.84473,384.4397 323.68457,391.34888 332.5166,401.71509 338.65918,402.87036 340.58105,400.95142 345.57129,405.55981 358.24316,402.48755 361.31543,417.07935 364.77246,419.38403 370.14551,421.68774 370.53027,423.98853 377.82715,424.7561 382.81738,429.75122 390.11621,423.22388 398.18066,422.45532 403.55566,428.98364 407.39551,422.83911 404.70801,403.25513 406.62012,399.42017 402.01855,392.11938 407.78223,389.81567 414.30957,392.88794 415.45996,381.75122 418.53223,379.44751 425.05957,385.97583 427.3623,395.57544 436.96191,394.03931 444.26074,395.57544 453.47363,399.7981 458.08301,394.03931 "
   style="fill:none;stroke:#000000;stroke-width:0.42519999;stroke-miterlimit:3.8636899"
   id="polygon32" />
			</g>
			<g
   id="g34">
				<polygon
   points="501.8916,565.68774 501.86035,566.45044 490.34082,567.98657 484.58105,564.14966 488.80371,554.93384 476.51465,554.55005 472.6748,554.16626 467.2998,551.85864 469.60254,546.48755 458.85254,544.18384 455.0127,547.63306 441.18848,542.25903 441.57129,541.87817 430.43457,542.64282 426.59668,545.33423 418.14551,547.63794 415.07324,543.03149 414.30762,538.80591 409.68848,536.88794 405.86035,534.58325 406.62793,529.59106 391.65332,523.05884 393.95801,517.68774 388.19824,508.46997 382.05371,509.62036 387.04395,505.78052 382.05371,503.47974 378.21191,500.40552 385.50879,494.26196 387.42871,494.26196 383.58691,482.74341 384.74121,474.67993 390.11621,471.60571 393.18848,466.23169 396.64355,462.38696 390.88379,462.38696 382.81738,455.47974 380.12988,448.56763 382.81738,429.75122 390.11621,423.22388 398.18066,422.45532 403.55566,428.98364 407.39551,422.83911 404.70801,403.25513 406.62012,399.42017 402.01855,392.11938 407.78223,389.81567 414.30957,392.88794 415.45996,381.75122 418.53223,379.44751 425.05957,385.97583 427.3623,395.57544 436.96191,394.03931 444.26074,395.57544 453.47363,399.7981 458.08301,394.03442 462.69043,394.80591 471.52441,390.19849 476.89941,391.35181 473.82715,399.7981 476.89941,401.33423 474.59668,407.09595 489.95801,410.16724 492.25879,416.31177 496.86816,419.00317 500.32324,417.8479 501.86035,411.70337 504.54785,414.39185 516.4541,412.46997 517.21973,416.30688 518.37207,414.39185 528.35645,415.93091 532.58105,423.98657 536.41895,423.60571 542.56152,425.1438 545.25293,423.60571 552.93262,427.06177 553.7002,430.51978 554.85254,432.05103 557.9248,426.67993 563.2998,427.06177 570.98145,423.60571 574.05371,426.29614 570.59668,430.13403 575.58887,441.65356 579.81152,448.95142 574.81738,453.55981 570.98145,462.38696 568.29004,457.39771 566.75684,455.86646 559.84277,459.70337 558.30957,458.16626 549.09082,460.85083 533.34668,463.54419 531.42871,462.77075 526.05371,468.53442 513.38184,463.54419 511.45996,463.92603 514.14746,474.29224 506.46973,485.42896 505.70215,491.96021 508.77441,493.49536 508.00293,502.71216 501.86035,506.552 498.78809,519.98657 497.63379,524.21606 489.95605,525.75024 487.65332,544.56567 501.86035,559.9231 500.3252,561.07739 501.8916,565.68774 "
   style="fill:#d5e6f4"
   id="polygon36" />
				<polygon
   points="501.8916,565.68774 501.86035,566.45044 490.34082,567.98657 484.58105,564.14966 488.80371,554.93384 476.51465,554.55005 472.6748,554.16626 467.2998,551.85864 469.60254,546.48755 458.85254,544.18384 455.0127,547.63306 441.18848,542.25903 441.57129,541.87817 430.43457,542.64282 426.59668,545.33423 418.14551,547.63794 415.07324,543.03149 414.30762,538.80591 409.68848,536.88794 405.86035,534.58325 406.62793,529.59106 391.65332,523.05884 393.95801,517.68774 388.19824,508.46997 382.05371,509.62036 387.04395,505.78052 382.05371,503.47974 378.21191,500.40552 385.50879,494.26196 387.42871,494.26196 383.58691,482.74341 384.74121,474.67993 390.11621,471.60571 393.18848,466.23169 396.64355,462.38696 390.88379,462.38696 382.81738,455.47974 380.12988,448.56763 382.81738,429.75122 390.11621,423.22388 398.18066,422.45532 403.55566,428.98364 407.39551,422.83911 404.70801,403.25513 406.62012,399.42017 402.01855,392.11938 407.78223,389.81567 414.30957,392.88794 415.45996,381.75122 418.53223,379.44751 425.05957,385.97583 427.3623,395.57544 436.96191,394.03931 444.26074,395.57544 453.47363,399.7981 458.08301,394.03442 462.69043,394.80591 471.52441,390.19849 476.89941,391.35181 473.82715,399.7981 476.89941,401.33423 474.59668,407.09595 489.95801,410.16724 492.25879,416.31177 496.86816,419.00317 500.32324,417.8479 501.86035,411.70337 504.54785,414.39185 516.4541,412.46997 517.21973,416.30688 518.37207,414.39185 528.35645,415.93091 532.58105,423.98657 536.41895,423.60571 542.56152,425.1438 545.25293,423.60571 552.93262,427.06177 553.7002,430.51978 554.85254,432.05103 557.9248,426.67993 563.2998,427.06177 570.98145,423.60571 574.05371,426.29614 570.59668,430.13403 575.58887,441.65356 579.81152,448.95142 574.81738,453.55981 570.98145,462.38696 568.29004,457.39771 566.75684,455.86646 559.84277,459.70337 558.30957,458.16626 549.09082,460.85083 533.34668,463.54419 531.42871,462.77075 526.05371,468.53442 513.38184,463.54419 511.45996,463.92603 514.14746,474.29224 506.46973,485.42896 505.70215,491.96021 508.77441,493.49536 508.00293,502.71216 501.86035,506.552 498.78809,519.98657 497.63379,524.21606 489.95605,525.75024 487.65332,544.56567 501.86035,559.9231 500.3252,561.07739 501.8916,565.68774 "
   style="fill:none;stroke:#000000;stroke-width:0.42519999;stroke-miterlimit:3.8636899"
   id="polygon38" />
			</g>
			<g
   id="g40">
				<polygon
   points="194.27441,391.35181 198.11426,394.03931 199.26855,409.40259 203.87402,414.01099 200.41504,429.75122 191.97168,432.4397 195.04395,440.88794 186.59668,442.80591 177.76465,443.57251 174.69043,439.73364 176.22754,430.51489 171.2373,425.1438 173.15527,419.37915 170.85254,415.15942 158.56152,403.25513 165.47363,395.96021 167.78027,393.65552 178.14746,394.41919 181.9873,393.65063 182.75488,389.81567 188.5166,390.58228 191.58691,392.50317 194.27441,391.35181 "
   style="fill:#ffdddd"
   id="polygon42" />
				<polygon
   points="194.27441,391.35181 198.11426,394.03931 199.26855,409.40259 203.87402,414.01099 200.41504,429.75122 191.97168,432.4397 195.04395,440.88794 186.59668,442.80591 177.76465,443.57251 174.69043,439.73364 176.22754,430.51489 171.2373,425.1438 173.15527,419.37915 170.85254,415.15942 158.56152,403.25513 165.47363,395.96021 167.78027,393.65552 178.14746,394.41919 181.9873,393.65063 182.75488,389.81567 188.5166,390.58228 191.58691,392.50317 194.27441,391.35181 "
   style="fill:none;stroke:#000000;stroke-width:0.42519999;stroke-miterlimit:3.8636899"
   id="polygon44" />
			</g>
			<g
   id="g46">
				<polygon
   points="179.33105,301.50708 189.66699,308.4231 196.19629,295.36743 204.26074,299.58716 201.95605,308.4231 208.10059,309.57544 205.02832,316.10376 197.34668,322.63208 187.74707,318.40552 185.82715,323.40259 183.13965,320.71216 182.75684,316.48755 176.99707,313.03149 177.38184,304.96802 177.38184,301.1311 179.33105,301.50708 "
   style="fill:#ffdddd"
   id="polygon48" />
				<polygon
   points="179.33105,301.50708 189.66699,308.4231 196.19629,295.36743 204.26074,299.58716 201.95605,308.4231 208.10059,309.57544 205.02832,316.10376 197.34668,322.63208 187.74707,318.40552 185.82715,323.40259 183.13965,320.71216 182.75684,316.48755 176.99707,313.03149 177.38184,304.96802 177.38184,301.1311 179.33105,301.50708 "
   style="fill:none;stroke:#000000;stroke-width:0.42519999;stroke-miterlimit:3.8636899"
   id="polygon50" />
			</g>
			<g
   id="g52">
				<polygon
   points="308.35645,204.35962 325.21973,207.43188 326.75684,213.19458 326.37988,221.25513 334.06152,233.5481 343.27832,233.16431 337.13379,228.93872 334.44629,216.64771 339.43652,195.53052 351.72363,176.71216 365.9248,176.71216 366.30957,187.07935 373.21777,194.37524 365.15527,199.36743 354.01855,199.75122 347.49121,207.81567 349.02832,208.96802 349.41113,218.18384 347.1084,224.7063 354.01855,232.0061 352.87012,238.53442 351.71582,242.37524 344.80371,242.75903 342.11621,246.97876 327.52441,249.67505 319.84473,234.31177 321.38184,230.85571 313.7002,223.55981 313.31934,221.25513 316.77441,221.63989 317.54199,218.18384 308.35645,204.35962 "
   style="fill:#ffdddd"
   id="polygon54" />
				<polygon
   points="308.35645,204.35962 325.21973,207.43188 326.75684,213.19458 326.37988,221.25513 334.06152,233.5481 343.27832,233.16431 337.13379,228.93872 334.44629,216.64771 339.43652,195.53052 351.72363,176.71216 365.9248,176.71216 366.30957,187.07935 373.21777,194.37524 365.15527,199.36743 354.01855,199.75122 347.49121,207.81567 349.02832,208.96802 349.41113,218.18384 347.1084,224.7063 354.01855,232.0061 352.87012,238.53442 351.71582,242.37524 344.80371,242.75903 342.11621,246.97876 327.52441,249.67505 319.84473,234.31177 321.38184,230.85571 313.7002,223.55981 313.31934,221.25513 316.77441,221.63989 317.54199,218.18384 308.35645,204.35962 "
   style="fill:none;stroke:#000000;stroke-width:0.42519999;stroke-miterlimit:3.8636899"
   id="polygon56" />
			</g>
			<g
   id="g58">
				<polygon
   points="558.69043,165.57544 556.3877,169.41528 545.63379,162.50317 543.71582,155.2063 537.95605,156.35962 538.33887,154.05591 531.81152,148.29614 524.89941,148.67896 526.43457,145.98657 532.96191,144.06958 537.95605,141.37817 535.65332,134.46997 542.56152,132.16724 546.40137,124.48755 541.7959,118.34302 536.03418,119.10962 531.81152,114.11938 529.88965,107.97583 528.73926,97.60864 524.51465,99.1438 522.20996,102.5979 508.76855,107.97583 502.62793,114.88794 499.1709,126.02368 492.26074,132.16724 488.03418,131.77856 483.81348,132.93872 479.58691,122.18384 472.6748,125.63989 454.62793,126.02856 462.69043,113.35669 461.15527,110.66724 451.1709,114.50317 448.10059,122.56274 432.73926,128.32544 427.74707,126.40552 423.90918,129.09497 427.74316,132.55591 422.75293,141.00317 410.85254,142.91919 411.61816,152.51978 402.40137,155.97095 397.41113,162.49927 399.71582,169.7981 408.93262,173.25122 399.71582,174.40552 390.88379,169.03149 387.42871,167.10669 385.88965,154.05103 393.57129,145.98657 398.94824,138.69556 397.79785,133.31958 398.56543,127.55981 402.02051,124.87036 433.12598,120.26196 432.74121,114.50317 444.64355,107.2063 446.18066,106.4397 452.32324,107.58716 468.45215,109.12622 498.40137,107.58716 508.00293,104.13403 509.15527,102.21606 506.85254,98.75903 506.08301,96.83911 455.00879,99.52563 443.87402,97.60571 427.3623,95.30396 417.76465,88.77271 416.99707,88.0061 403.94043,116.80591 392.41895,133.31958 386.65918,146.37524 380.51465,156.74341 370.17676,164.4231 368.99707,169.7981 373.60449,172.09888 376.6748,179.78345 389.72949,191.30396 390.49707,195.91138 385.88965,197.8313 390.88379,200.90356 389.34668,206.27954 393.18652,208.19849 393.57129,221.25415 396.26074,225.48267 405.09082,220.10376 410.46777,226.24731 411.61816,231.62329 415.84473,230.08716 419.2998,232.0061 431.97168,231.2395 438.11621,238.91528 441.18848,238.53442 443.87402,236.61548 455.39746,247.75122 458.46973,248.13403 468.06738,257.35181 471.13965,255.43188 474.59668,251.58716 486.88379,261.19165 488.41895,261.95923 503.0127,273.47974 504.16309,273.47974 504.16309,270.78638 510.30957,269.63501 521.82715,261.19165 527.97168,260.81079 529.88965,255.81567 539.49121,252.35962 552.5459,246.21606 559.84277,252.35962 564.4541,252.74341 564.83496,250.4397 576.35645,247.36743 581.72949,239.30396 585.18848,234.69556 591.33105,235.8479 587.49121,228.93872 584.80176,223.17505 579.04395,220.87036 577.12598,216.26196 593.25293,209.35181 592.10059,203.59497 594.01855,192.45532 598.24316,186.69556 594.40137,180.17212 590.56152,171.33911 575.97168,170.18384 568.29004,160.96802 558.69043,165.57544 "
   style="fill:#fff1cf"
   id="polygon60" />
				<polygon
   points="558.69043,165.57544 556.3877,169.41528 545.63379,162.50317 543.71582,155.2063 537.95605,156.35962 538.33887,154.05591 531.81152,148.29614 524.89941,148.67896 526.43457,145.98657 532.96191,144.06958 537.95605,141.37817 535.65332,134.46997 542.56152,132.16724 546.40137,124.48755 541.7959,118.34302 536.03418,119.10962 531.81152,114.11938 529.88965,107.97583 528.73926,97.60864 524.51465,99.1438 522.20996,102.5979 508.76855,107.97583 502.62793,114.88794 499.1709,126.02368 492.26074,132.16724 488.03418,131.77856 483.81348,132.93872 479.58691,122.18384 472.6748,125.63989 454.62793,126.02856 462.69043,113.35669 461.15527,110.66724 451.1709,114.50317 448.10059,122.56274 432.73926,128.32544 427.74707,126.40552 423.90918,129.09497 427.74316,132.55591 422.75293,141.00317 410.85254,142.91919 411.61816,152.51978 402.40137,155.97095 397.41113,162.49927 399.71582,169.7981 408.93262,173.25122 399.71582,174.40552 390.88379,169.03149 387.42871,167.10669 385.88965,154.05103 393.57129,145.98657 398.94824,138.69556 397.79785,133.31958 398.56543,127.55981 402.02051,124.87036 433.12598,120.26196 432.74121,114.50317 444.64355,107.2063 446.18066,106.4397 452.32324,107.58716 468.45215,109.12622 498.40137,107.58716 508.00293,104.13403 509.15527,102.21606 506.85254,98.75903 506.08301,96.83911 455.00879,99.52563 443.87402,97.60571 427.3623,95.30396 417.76465,88.77271 416.99707,88.0061 403.94043,116.80591 392.41895,133.31958 386.65918,146.37524 380.51465,156.74341 370.17676,164.4231 368.99707,169.7981 373.60449,172.09888 376.6748,179.78345 389.72949,191.30396 390.49707,195.91138 385.88965,197.8313 390.88379,200.90356 389.34668,206.27954 393.18652,208.19849 393.57129,221.25415 396.26074,225.48267 405.09082,220.10376 410.46777,226.24731 411.61816,231.62329 415.84473,230.08716 419.2998,232.0061 431.97168,231.2395 438.11621,238.91528 441.18848,238.53442 443.87402,236.61548 455.39746,247.75122 458.46973,248.13403 468.06738,257.35181 471.13965,255.43188 474.59668,251.58716 486.88379,261.19165 488.41895,261.95923 503.0127,273.47974 504.16309,273.47974 504.16309,270.78638 510.30957,269.63501 521.82715,261.19165 527.97168,260.81079 529.88965,255.81567 539.49121,252.35962 552.5459,246.21606 559.84277,252.35962 564.4541,252.74341 564.83496,250.4397 576.35645,247.36743 581.72949,239.30396 585.18848,234.69556 591.33105,235.8479 587.49121,228.93872 584.80176,223.17505 579.04395,220.87036 577.12598,216.26196 593.25293,209.35181 592.10059,203.59497 594.01855,192.45532 598.24316,186.69556 594.40137,180.17212 590.56152,171.33911 575.97168,170.18384 568.29004,160.96802 558.69043,165.57544 "
   style="fill:none;stroke:#000000;stroke-width:0.42519999;stroke-miterlimit:3.8636899"
   id="polygon62" />
			</g>
			<g
   id="g64">
				<polygon
   points="542.59277,132.16724 549.47363,155.2063 558.69043,160.57935 558.69043,165.57544 556.3877,169.41528 545.63379,162.50317 543.71582,155.2063 537.95605,156.35962 538.33887,154.05591 531.81152,148.29614 524.89941,148.67896 526.43457,145.98657 532.96191,144.06958 537.95605,141.37817 535.65332,134.46997 542.59277,132.16724 "
   style="fill:#ffdddd"
   id="polygon66" />
				<polygon
   points="542.59277,132.16724 549.47363,155.2063 558.69043,160.57935 558.69043,165.57544 556.3877,169.41528 545.63379,162.50317 543.71582,155.2063 537.95605,156.35962 538.33887,154.05591 531.81152,148.29614 524.89941,148.67896 526.43457,145.98657 532.96191,144.06958 537.95605,141.37817 535.65332,134.46997 542.59277,132.16724 "
   style="fill:none;stroke:#000000;stroke-width:0.42519999;stroke-miterlimit:3.8636899"
   id="polygon68" />
			</g>
			<g
   id="g70">
				<g
   id="g72">
					<polygon
   points="598.28809,186.69556 601.31543,190.53442 602.46973,192.83911 598.24316,199.36743 611.68457,192.06958 616.6748,194.37036 618.59668,195.91138 618.59668,196.29614 612.4541,201.67017 622.81934,205.89575 625.8916,212.4231 620.51465,212.4231 616.6748,218.18384 609.7627,218.56763 610.91504,221.63989 600.93262,224.71216 600.5459,227.39771 608.99512,230.08716 609.75488,235.8479 618.97949,236.23169 620.12988,232.0061 627.42871,236.99829 640.87012,232.77563 640.13184,224.32544 638.56152,222.02368 634.33887,213.1897 650.08301,207.81567 656.6123,207.0481 666.97949,203.21021 681.56934,190.53833 686.55371,193.6106 681.95605,197.06177 706.53027,216.64282 706.53223,217.03149 704.99707,220.10376 704.6123,222.40552 702.69043,236.23169 694.62793,242.37427 700.3877,250.05396 716.89941,262.34692 720.35645,267.33423 721.12402,271.55981 727.65137,273.47974 734.56152,282.69556 716.12988,299.2063 713.82715,304.96802 712.29004,308.03931 713.82715,310.34302 714.98145,312.64771 722.65918,312.26685 733.41309,326.47485 743.78027,331.46216 742.62793,334.91919 735.33105,329.15942 726.49707,330.31177 718.43066,341.44751 731.87402,345.28735 726.49902,357.55981 719.97168,358.71216 718.43457,358.71216 704.22754,369.8479 706.53027,372.53833 699.2334,369.46216 693.09082,367.54419 690.01855,368.31177 682.33887,368.69556 674.65918,367.15942 657.7627,370.61548 652.00293,363.3147 650.46777,357.55981 647.0127,353.33423 636.64355,351.7981 630.88379,351.03149 623.58887,347.97583 617.44434,352.95142 618.21191,345.67017 613.21973,340.67993 610.53223,332.23169 617.05957,333.76782 619.74707,330.69556 620.89941,325.70337 621.66699,321.86646 615.90723,315.33716 613.98535,310.34692 619.74707,307.65063 615.52832,299.59106 622.43652,298.4397 621.66895,291.91138 617.05762,292.29614 613.60254,287.68774 605.9248,282.31177 602.08301,277.31958 600.93262,275.39771 607.07324,264.64771 599.0127,256.96899 591.33105,247.75317 587.49121,248.51978 584.03418,246.60278 581.73145,239.30396 585.18848,234.69556 591.33105,235.8479 587.49121,228.93872 584.80176,223.17505 579.04395,220.87036 577.12598,216.26196 593.25293,209.35181 592.10059,203.59497 594.01855,192.45532 598.28809,186.69556 "
   style="fill:#d5e6f4"
   id="polygon74" />
					<polygon
   points="598.28809,186.69556 601.31543,190.53442 602.46973,192.83911 598.24316,199.36743 611.68457,192.06958 616.6748,194.37036 618.59668,195.91138 618.59668,196.29614 612.4541,201.67017 622.81934,205.89575 625.8916,212.4231 620.51465,212.4231 616.6748,218.18384 609.7627,218.56763 610.91504,221.63989 600.93262,224.71216 600.5459,227.39771 608.99512,230.08716 609.75488,235.8479 618.97949,236.23169 620.12988,232.0061 627.42871,236.99829 640.87012,232.77563 640.13184,224.32544 638.56152,222.02368 634.33887,213.1897 650.08301,207.81567 656.6123,207.0481 666.97949,203.21021 681.56934,190.53833 686.55371,193.6106 681.95605,197.06177 706.53027,216.64282 706.53223,217.03149 704.99707,220.10376 704.6123,222.40552 702.69043,236.23169 694.62793,242.37427 700.3877,250.05396 716.89941,262.34692 720.35645,267.33423 721.12402,271.55981 727.65137,273.47974 734.56152,282.69556 716.12988,299.2063 713.82715,304.96802 712.29004,308.03931 713.82715,310.34302 714.98145,312.64771 722.65918,312.26685 733.41309,326.47485 743.78027,331.46216 742.62793,334.91919 735.33105,329.15942 726.49707,330.31177 718.43066,341.44751 731.87402,345.28735 726.49902,357.55981 719.97168,358.71216 718.43457,358.71216 704.22754,369.8479 706.53027,372.53833 699.2334,369.46216 693.09082,367.54419 690.01855,368.31177 682.33887,368.69556 674.65918,367.15942 657.7627,370.61548 652.00293,363.3147 650.46777,357.55981 647.0127,353.33423 636.64355,351.7981 630.88379,351.03149 623.58887,347.97583 617.44434,352.95142 618.21191,345.67017 613.21973,340.67993 610.53223,332.23169 617.05957,333.76782 619.74707,330.69556 620.89941,325.70337 621.66699,321.86646 615.90723,315.33716 613.98535,310.34692 619.74707,307.65063 615.52832,299.59106 622.43652,298.4397 621.66895,291.91138 617.05762,292.29614 613.60254,287.68774 605.9248,282.31177 602.08301,277.31958 600.93262,275.39771 607.07324,264.64771 599.0127,256.96899 591.33105,247.75317 587.49121,248.51978 584.03418,246.60278 581.73145,239.30396 585.18848,234.69556 591.33105,235.8479 587.49121,228.93872 584.80176,223.17505 579.04395,220.87036 577.12598,216.26196 593.25293,209.35181 592.10059,203.59497 594.01855,192.45532 598.28809,186.69556 "
   style="fill:none;stroke:#000000;stroke-width:0.42519999;stroke-miterlimit:3.8636899"
   id="polygon76" />
				</g>
				<g
   id="g78">
					<polygon
   points="793.31348,268.87427 786.40137,261.57544 777.18848,252.35962 759.90918,237.76782 757.21777,235.07935 744.5459,226.24731 738.01855,224.71216 727.65332,219.71997 717.66895,210.88794 713.8291,206.27954 706.14551,189.76782 701.9248,188.61548 695.0127,192.06958 695.39551,203.2063 703.45801,212.03931 706.91504,212.80591 708.4541,216.26196 706.14746,230.08716 704.99707,235.46216 699.62012,242.75903 700.78027,246.98364 707.68457,246.98364 709.60449,241.99536 718.81738,235.07935 723.81152,236.99829 719.20215,247.75122 719.96973,252.74341 735.33105,246.21606 736.86816,241.98657 731.87402,230.85376 734.18066,228.93384 743.78027,228.16724 750.69043,238.15161 752.6123,247.75122 757.60254,244.67896 760.6748,247.75122 762.97949,256.96802 760.6748,269.63989 762.59668,271.55981 760.6748,273.47974 751.84277,265.7981 749.15527,266.95142 744.5459,267.71802 744.16309,276.54321 741.47363,267.71021 746.08301,262.71802 744.16309,255.81079 739.1709,254.27466 731.87402,256.19263 729.95605,259.26489 729.57129,265.02661 735.71582,270.78638 739.94043,284.61548 737.25293,293.06177 730.72559,298.43481 719.2041,301.50708 716.5166,306.88306 723.42871,311.49048 732.26074,312.25708 751.45996,307.65552 762.98145,298.4397 783.71582,298.4397 787.94043,298.05396 795.61816,296.90356 801.7627,298.82349 801.38184,290.37524 798.69043,283.8479 795.62012,281.15454 799.45996,280.77075 803.2998,275.77856 793.31348,268.87427 "
   style="fill:#d5e6f4"
   id="polygon80" />
					<polygon
   points="793.31348,268.87427 786.40137,261.57544 777.18848,252.35962 759.90918,237.76782 757.21777,235.07935 744.5459,226.24731 738.01855,224.71216 727.65332,219.71997 717.66895,210.88794 713.8291,206.27954 706.14551,189.76782 701.9248,188.61548 695.0127,192.06958 695.39551,203.2063 703.45801,212.03931 706.91504,212.80591 708.4541,216.26196 706.14746,230.08716 704.99707,235.46216 699.62012,242.75903 700.78027,246.98364 707.68457,246.98364 709.60449,241.99536 718.81738,235.07935 723.81152,236.99829 719.20215,247.75122 719.96973,252.74341 735.33105,246.21606 736.86816,241.98657 731.87402,230.85376 734.18066,228.93384 743.78027,228.16724 750.69043,238.15161 752.6123,247.75122 757.60254,244.67896 760.6748,247.75122 762.97949,256.96802 760.6748,269.63989 762.59668,271.55981 760.6748,273.47974 751.84277,265.7981 749.15527,266.95142 744.5459,267.71802 744.16309,276.54321 741.47363,267.71021 746.08301,262.71802 744.16309,255.81079 739.1709,254.27466 731.87402,256.19263 729.95605,259.26489 729.57129,265.02661 735.71582,270.78638 739.94043,284.61548 737.25293,293.06177 730.72559,298.43481 719.2041,301.50708 716.5166,306.88306 723.42871,311.49048 732.26074,312.25708 751.45996,307.65552 762.98145,298.4397 783.71582,298.4397 787.94043,298.05396 795.61816,296.90356 801.7627,298.82349 801.38184,290.37524 798.69043,283.8479 795.62012,281.15454 799.45996,280.77075 803.2998,275.77856 793.31348,268.87427 "
   style="fill:none;stroke:#000000;stroke-width:0.42519999;stroke-miterlimit:3.8636899"
   id="polygon82" />
				</g>
			</g>
			<g
   id="g84">
				<polygon
   points="743.81152,331.46216 753.7627,337.60571 763.74707,342.21606 780.64355,347.58716 787.94043,347.2063 793.31348,345.67017 797.54004,348.35962 807.52441,338.37524 815.96973,342.21606 817.50684,346.05103 812.89746,353.71509 805.98535,358.32544 806.37207,361.39771 810.21191,362.552 817.50879,361.39771 820.96191,366.38696 822.49902,383.67017 830.18066,390.57935 830.18066,407.09106 828.64355,414.77563 832.10059,424.75903 835.1709,433.59106 841.31543,440.11938 842.85254,450.10376 845.9248,458.93384 852.83496,480.43481 852.06934,488.50317 855.52441,490.80591 857.82715,497.71997 850.91504,500.02368 849.7627,503.09595 836.70996,505.01587 835.1709,510.38696 834.01855,514.99829 825.57129,518.83521 826.33887,525.36646 814.43457,527.66821 808.6748,526.13403 802.14551,523.8313 795.61816,526.90356 789.09082,526.51978 791.78027,517.30396 804.83496,503.09595 810.59668,495.7981 816.73926,483.89575 818.27441,473.52661 813.66699,460.46997 805.21777,465.84302 790.24316,458.93384 787.1709,466.61841 775.26855,470.45435 773.72949,464.69556 763.74707,463.15942 754.91504,465.07935 750.69043,465.46216 745.31543,468.91919 742.24316,465.8479 744.5459,457.78052 744.16309,455.47974 734.94629,450.10376 734.94629,439.35181 734.94629,438.57935 728.03418,435.12231 721.88965,433.97095 716.5166,420.53442 716.13184,419.00317 712.6748,422.83911 712.29785,436.27954 717.28613,440.88794 706.14746,448.56763 697.31543,450.48755 692.70996,445.88013 694.24316,439.73364 688.10059,438.57935 689.63379,428.98364 699.61816,425.91138 695.78027,410.552 694.62793,409.39771 693.47363,407.47974 704.99512,399.7981 705.7627,396.34302 698.46973,389.81567 696.5459,389.81567 691.1709,385.97583 690.78809,385.97583 697.31543,378.67993 709.9873,374.06958 713.05957,371.76782 706.53027,372.53833 704.22754,369.8479 718.43457,358.71216 719.97168,358.71216 726.49902,357.55981 731.87402,345.28735 718.43066,341.44751 726.49707,330.31177 735.33105,329.15942 742.62793,334.91919 743.81152,331.46216 "
   style="fill:#fff1cf"
   id="polygon86" />
				<polygon
   points="743.81152,331.46216 753.7627,337.60571 763.74707,342.21606 780.64355,347.58716 787.94043,347.2063 793.31348,345.67017 797.54004,348.35962 807.52441,338.37524 815.96973,342.21606 817.50684,346.05103 812.89746,353.71509 805.98535,358.32544 806.37207,361.39771 810.21191,362.552 817.50879,361.39771 820.96191,366.38696 822.49902,383.67017 830.18066,390.57935 830.18066,407.09106 828.64355,414.77563 832.10059,424.75903 835.1709,433.59106 841.31543,440.11938 842.85254,450.10376 845.9248,458.93384 852.83496,480.43481 852.06934,488.50317 855.52441,490.80591 857.82715,497.71997 850.91504,500.02368 849.7627,503.09595 836.70996,505.01587 835.1709,510.38696 834.01855,514.99829 825.57129,518.83521 826.33887,525.36646 814.43457,527.66821 808.6748,526.13403 802.14551,523.8313 795.61816,526.90356 789.09082,526.51978 791.78027,517.30396 804.83496,503.09595 810.59668,495.7981 816.73926,483.89575 818.27441,473.52661 813.66699,460.46997 805.21777,465.84302 790.24316,458.93384 787.1709,466.61841 775.26855,470.45435 773.72949,464.69556 763.74707,463.15942 754.91504,465.07935 750.69043,465.46216 745.31543,468.91919 742.24316,465.8479 744.5459,457.78052 744.16309,455.47974 734.94629,450.10376 734.94629,439.35181 734.94629,438.57935 728.03418,435.12231 721.88965,433.97095 716.5166,420.53442 716.13184,419.00317 712.6748,422.83911 712.29785,436.27954 717.28613,440.88794 706.14746,448.56763 697.31543,450.48755 692.70996,445.88013 694.24316,439.73364 688.10059,438.57935 689.63379,428.98364 699.61816,425.91138 695.78027,410.552 694.62793,409.39771 693.47363,407.47974 704.99512,399.7981 705.7627,396.34302 698.46973,389.81567 696.5459,389.81567 691.1709,385.97583 690.78809,385.97583 697.31543,378.67993 709.9873,374.06958 713.05957,371.76782 706.53027,372.53833 704.22754,369.8479 718.43457,358.71216 719.97168,358.71216 726.49902,357.55981 731.87402,345.28735 718.43066,341.44751 726.49707,330.31177 735.33105,329.15942 742.62793,334.91919 743.81152,331.46216 "
   style="fill:none;stroke:#000000;stroke-width:0.42519999;stroke-miterlimit:3.8636899"
   id="polygon88" />
			</g>
			<g
   id="g90">
				<g
   id="g92">
					<polygon
   points="697.34668,450.48755 680.41895,468.53442 682.33887,471.98657 680.03418,476.98364 671.97168,477.36743 668.5166,478.13403 665.05957,480.82349 665.05957,485.81567 665.44434,490.03931 658.91504,500.02368 658.53223,511.92505 650.85254,522.29028 640.48535,524.59106 630.88574,541.87134 622.81934,529.2063 610.14746,528.82153 604.00293,534.96606 599.39746,536.11938 597.09082,545.71997 594.78809,553.01587 589.41113,552.24731 585.57129,545.71997 583.26855,541.49341 575.97168,541.87817 571.74707,546.48755 567.13965,546.10083 567.13965,554.93384 551.78027,563.76587 549.47363,566.83521 547.55566,571.05884 540.64355,575.28735 536.41895,574.13403 537.95605,562.99536 531.81152,562.61548 527.20215,567.22192 527.58691,564.5354 523.74707,564.5354 517.9873,569.90942 511.0752,566.45532 510.30957,564.91626 508.77246,562.61548 501.86035,565.68774 500.3252,561.07739 501.86035,559.9231 487.65332,544.56567 489.95605,525.75024 497.63379,524.21606 498.78809,519.98657 501.86035,506.552 508.00293,502.71216 508.77441,493.49536 505.70215,491.96021 506.46973,485.42896 514.14746,474.29224 511.45996,463.92603 513.38184,463.54419 526.05371,468.53442 531.42871,462.77075 533.34668,463.54419 549.09082,460.85083 558.30957,458.16626 559.84277,459.70337 566.75684,455.86646 568.29004,457.39771 570.98145,462.38696 570.98145,466.61548 575.20215,468.91919 579.04199,466.61841 579.42871,460.85571 585.95605,453.17505 587.87402,447.03149 589.79785,441.26978 598.24316,442.4231 610.53223,435.12622 614.75684,431.67017 613.21777,420.53442 608.99512,419.76782 606.30957,412.46997 596.70996,412.85083 593.25293,402.48462 594.01855,395.96021 595.55566,390.96802 598.24316,385.97095 604.77246,382.13403 620.5166,373.68774 625.12402,369.46216 627.81152,365.62329 630.88379,351.03149 636.64355,351.7981 647.0127,353.33423 650.46777,357.55981 652.00293,363.3147 657.7627,370.61548 674.65918,367.15942 682.33887,368.69556 690.01855,368.31177 693.09082,367.54419 699.2334,369.46216 706.53223,372.53442 713.05957,371.76782 709.9873,374.06958 697.31543,378.67993 690.78809,385.97583 691.1709,385.97583 696.5459,389.81567 698.46973,389.81567 705.7627,396.34302 704.99512,399.7981 693.47363,407.47974 694.62793,409.39771 695.78027,410.552 699.61816,425.91138 689.63379,428.98364 688.10059,438.57935 694.24316,439.73364 692.70996,445.88013 697.34668,450.48755 "
   style="fill:#e8f1d2"
   id="polygon94" />
					<polygon
   points="697.34668,450.48755 680.41895,468.53442 682.33887,471.98657 680.03418,476.98364 671.97168,477.36743 668.5166,478.13403 665.05957,480.82349 665.05957,485.81567 665.44434,490.03931 658.91504,500.02368 658.53223,511.92505 650.85254,522.29028 640.48535,524.59106 630.88574,541.87134 622.81934,529.2063 610.14746,528.82153 604.00293,534.96606 599.39746,536.11938 597.09082,545.71997 594.78809,553.01587 589.41113,552.24731 585.57129,545.71997 583.26855,541.49341 575.97168,541.87817 571.74707,546.48755 567.13965,546.10083 567.13965,554.93384 551.78027,563.76587 549.47363,566.83521 547.55566,571.05884 540.64355,575.28735 536.41895,574.13403 537.95605,562.99536 531.81152,562.61548 527.20215,567.22192 527.58691,564.5354 523.74707,564.5354 517.9873,569.90942 511.0752,566.45532 510.30957,564.91626 508.77246,562.61548 501.86035,565.68774 500.3252,561.07739 501.86035,559.9231 487.65332,544.56567 489.95605,525.75024 497.63379,524.21606 498.78809,519.98657 501.86035,506.552 508.00293,502.71216 508.77441,493.49536 505.70215,491.96021 506.46973,485.42896 514.14746,474.29224 511.45996,463.92603 513.38184,463.54419 526.05371,468.53442 531.42871,462.77075 533.34668,463.54419 549.09082,460.85083 558.30957,458.16626 559.84277,459.70337 566.75684,455.86646 568.29004,457.39771 570.98145,462.38696 570.98145,466.61548 575.20215,468.91919 579.04199,466.61841 579.42871,460.85571 585.95605,453.17505 587.87402,447.03149 589.79785,441.26978 598.24316,442.4231 610.53223,435.12622 614.75684,431.67017 613.21777,420.53442 608.99512,419.76782 606.30957,412.46997 596.70996,412.85083 593.25293,402.48462 594.01855,395.96021 595.55566,390.96802 598.24316,385.97095 604.77246,382.13403 620.5166,373.68774 625.12402,369.46216 627.81152,365.62329 630.88379,351.03149 636.64355,351.7981 647.0127,353.33423 650.46777,357.55981 652.00293,363.3147 657.7627,370.61548 674.65918,367.15942 682.33887,368.69556 690.01855,368.31177 693.09082,367.54419 699.2334,369.46216 706.53223,372.53442 713.05957,371.76782 709.9873,374.06958 697.31543,378.67993 690.78809,385.97583 691.1709,385.97583 696.5459,389.81567 698.46973,389.81567 705.7627,396.34302 704.99512,399.7981 693.47363,407.47974 694.62793,409.39771 695.78027,410.552 699.61816,425.91138 689.63379,428.98364 688.10059,438.57935 694.24316,439.73364 692.70996,445.88013 697.34668,450.48755 "
   style="fill:none;stroke:#000000;stroke-width:0.42519999;stroke-miterlimit:3.8636899"
   id="polygon96" />
				</g>
				<g
   id="g98">
					<polygon
   points="579.81348,448.95142 587.87598,433.58716 585.18848,428.21606 577.88965,422.83911 578.65918,421.68774 589.02832,414.0061 588.64355,411.70239 592.10059,408.24634 592.4834,403.25415 584.41895,402.48755 580.58105,409.78345 575.2041,409.40259 573.66895,411.31958 568.6748,412.47485 567.52637,415.15942 558.69238,419.76782 557.9248,426.67993 563.2998,427.06177 570.98145,423.60571 574.05371,426.29614 570.59668,430.13403 575.58887,441.65356 579.81348,448.95142 "
   style="fill:#e8f1d2"
   id="polygon100" />
					<polygon
   points="579.81348,448.95142 587.87598,433.58716 585.18848,428.21606 577.88965,422.83911 578.65918,421.68774 589.02832,414.0061 588.64355,411.70239 592.10059,408.24634 592.4834,403.25415 584.41895,402.48755 580.58105,409.78345 575.2041,409.40259 573.66895,411.31958 568.6748,412.47485 567.52637,415.15942 558.69238,419.76782 557.9248,426.67993 563.2998,427.06177 570.98145,423.60571 574.05371,426.29614 570.59668,430.13403 575.58887,441.65356 579.81348,448.95142 "
   style="fill:none;stroke:#000000;stroke-width:0.42519999;stroke-miterlimit:3.8636899"
   id="polygon102" />
				</g>
			</g>
			<g
   id="g104">
				<polygon
   points="593.25293,402.48755 592.48535,403.25415 584.41895,402.48755 580.58105,409.78345 575.2041,409.40259 573.66895,411.31958 568.6748,412.47485 567.52637,415.15942 558.69238,419.76782 557.9248,426.67993 554.85254,432.05103 553.7002,430.51978 552.93262,427.06177 545.25293,423.60571 542.56152,425.1438 536.41895,423.60571 532.58105,423.98657 528.35645,415.93091 518.37207,414.39185 517.21973,416.30688 516.4541,412.46997 504.54785,414.39185 501.86035,411.70337 500.32324,417.8479 496.86816,419.00317 492.25879,416.31177 489.95801,410.16724 474.59668,407.09595 476.89941,401.33423 473.82715,399.7981 476.89941,391.35181 471.52441,390.19849 462.69043,394.80591 458.08301,394.03931 460.00293,391.35181 453.47363,384.05103 452.70996,382.51978 453.09277,376.37036 455.39746,369.84302 452.70996,361.39771 455.78223,351.03149 458.46973,350.64771 467.30371,350.64771 468.45605,338.37524 468.4541,334.15161 477.66895,330.69556 478.43457,316.48755 482.65918,312.64771 489.18848,312.26196 489.57129,309.95923 485.73145,309.19165 480.35645,301.89575 487.26855,291.1438 491.1084,289.98657 484.96191,279.2395 490.72559,268.48755 488.41895,261.95923 503.0127,273.47974 504.16309,273.47974 504.16309,270.78638 510.30957,269.63501 521.82715,261.19165 527.97168,260.81079 529.88965,255.81567 539.49121,252.35962 552.5459,246.21606 559.84277,252.35962 564.4541,252.74341 564.83496,250.4397 576.35645,247.36743 581.72949,239.30396 584.03418,246.60278 587.49121,248.51978 591.33105,247.75317 599.0127,256.96899 607.07324,264.64771 600.93262,275.39771 602.08301,277.31958 605.9248,282.31177 613.60254,287.68774 617.05762,292.29614 621.66895,291.91138 622.43652,298.4397 615.52832,299.59106 619.74707,307.65063 613.98535,310.34692 615.90723,315.33716 621.66699,321.86646 620.89941,325.70337 619.74707,330.69556 617.05957,333.76782 610.53223,332.23169 613.21973,340.67993 618.21191,345.67017 617.44434,352.95142 623.58887,347.97583 630.88379,351.03149 627.81152,365.62329 625.12402,369.46216 620.5166,373.68774 604.77246,382.13403 598.24316,385.97095 595.55566,390.96802 594.01855,395.96021 593.25293,402.48755 "
   style="fill:#e6d7e9"
   id="polygon106" />
				<polygon
   points="593.25293,402.48755 592.48535,403.25415 584.41895,402.48755 580.58105,409.78345 575.2041,409.40259 573.66895,411.31958 568.6748,412.47485 567.52637,415.15942 558.69238,419.76782 557.9248,426.67993 554.85254,432.05103 553.7002,430.51978 552.93262,427.06177 545.25293,423.60571 542.56152,425.1438 536.41895,423.60571 532.58105,423.98657 528.35645,415.93091 518.37207,414.39185 517.21973,416.30688 516.4541,412.46997 504.54785,414.39185 501.86035,411.70337 500.32324,417.8479 496.86816,419.00317 492.25879,416.31177 489.95801,410.16724 474.59668,407.09595 476.89941,401.33423 473.82715,399.7981 476.89941,391.35181 471.52441,390.19849 462.69043,394.80591 458.08301,394.03931 460.00293,391.35181 453.47363,384.05103 452.70996,382.51978 453.09277,376.37036 455.39746,369.84302 452.70996,361.39771 455.78223,351.03149 458.46973,350.64771 467.30371,350.64771 468.45605,338.37524 468.4541,334.15161 477.66895,330.69556 478.43457,316.48755 482.65918,312.64771 489.18848,312.26196 489.57129,309.95923 485.73145,309.19165 480.35645,301.89575 487.26855,291.1438 491.1084,289.98657 484.96191,279.2395 490.72559,268.48755 488.41895,261.95923 503.0127,273.47974 504.16309,273.47974 504.16309,270.78638 510.30957,269.63501 521.82715,261.19165 527.97168,260.81079 529.88965,255.81567 539.49121,252.35962 552.5459,246.21606 559.84277,252.35962 564.4541,252.74341 564.83496,250.4397 576.35645,247.36743 581.72949,239.30396 584.03418,246.60278 587.49121,248.51978 591.33105,247.75317 599.0127,256.96899 607.07324,264.64771 600.93262,275.39771 602.08301,277.31958 605.9248,282.31177 613.60254,287.68774 617.05762,292.29614 621.66895,291.91138 622.43652,298.4397 615.52832,299.59106 619.74707,307.65063 613.98535,310.34692 615.90723,315.33716 621.66699,321.86646 620.89941,325.70337 619.74707,330.69556 617.05957,333.76782 610.53223,332.23169 613.21973,340.67993 618.21191,345.67017 617.44434,352.95142 623.58887,347.97583 630.88379,351.03149 627.81152,365.62329 625.12402,369.46216 620.5166,373.68774 604.77246,382.13403 598.24316,385.97095 595.55566,390.96802 594.01855,395.96021 593.25293,402.48755 "
   style="fill:none;stroke:#000000;stroke-width:0.42519999;stroke-miterlimit:3.8636899"
   id="polygon108" />
			</g>
			<g
   id="g110">
				<polygon
   points="570.98145,462.39185 574.81738,453.55981 579.81152,448.95142 587.87598,433.58716 585.18848,428.21606 577.88965,422.83911 578.65918,421.68774 589.02832,414.0061 588.64355,411.70239 592.10059,408.24634 592.48535,403.25415 593.25293,402.48462 596.70996,412.85083 606.30957,412.46997 608.99512,419.76782 613.21777,420.53442 614.75684,431.67017 610.53223,435.12622 598.24316,442.4231 589.79785,441.26978 587.87402,447.03149 585.95605,453.17505 579.42871,460.85571 579.04199,466.61841 575.20215,468.91919 570.98145,466.61548 570.98145,462.39185 "
   style="fill:#ffdddd"
   id="polygon112" />
				<polygon
   points="570.98145,462.39185 574.81738,453.55981 579.81152,448.95142 587.87598,433.58716 585.18848,428.21606 577.88965,422.83911 578.65918,421.68774 589.02832,414.0061 588.64355,411.70239 592.10059,408.24634 592.48535,403.25415 593.25293,402.48462 596.70996,412.85083 606.30957,412.46997 608.99512,419.76782 613.21777,420.53442 614.75684,431.67017 610.53223,435.12622 598.24316,442.4231 589.79785,441.26978 587.87402,447.03149 585.95605,453.17505 579.42871,460.85571 579.04199,466.61841 575.20215,468.91919 570.98145,466.61548 570.98145,462.39185 "
   style="fill:none;stroke:#000000;stroke-width:0.42519999;stroke-miterlimit:3.8636899"
   id="polygon114" />
			</g>
			<polyline
   style="fill:none;fill-rule:evenodd;stroke:#000000;stroke-width:0.85039997;stroke-miterlimit:3.8636899"
   points="589.82129,451.84497 595.4707,452.14087 588.7793,444.70972 "
   id="polyline116" />
			<g
   id="g118">
				<g
   id="g120">
					<polygon
   points="548.3252,56.13403 548.3252,58.05103 546.50293,67.78833 543.06934,85.09888 538.72559,89.15747 537.57129,86.08716 542.56934,52.34912 543.71582,40.39185 547.94043,35.02075 554.08496,34.63599 554.08496,38.47583 548.56934,43.09912 548.3252,56.13403 "
   style="fill:#e6d7e9"
   id="polygon122" />
					<polygon
   points="548.3252,56.13403 548.3252,58.05103 546.50293,67.78833 543.06934,85.09888 538.72559,89.15747 537.57129,86.08716 542.56934,52.34912 543.71582,40.39185 547.94043,35.02075 554.08496,34.63599 554.08496,38.47583 548.56934,43.09912 548.3252,56.13403 "
   style="fill:none;stroke:#000000;stroke-width:0.42519999;stroke-miterlimit:3.8636899"
   id="polygon124" />
				</g>
				<g
   id="g126">
					<polygon
   points="600.16309,3.1438 586.33887,6.97876 581.34668,8.13916 570.21191,22.73096 558.30957,48.07642 557.9248,51.14893 560.22754,50.76514 570.98145,37.70825 571.74707,29.6438 578.65918,18.50806 583.65332,19.27661 583.65332,26.95142 577.88965,38.85278 576.73926,49.98853 589.41113,44.22778 602.08301,28.10376 605.9248,40.77563 611.29785,43.84814 620.13184,51.14893 627.43457,50.38013 629.34668,46.54321 634.33887,45.38794 633.57324,56.52466 635.1084,66.88794 633.57129,77.25415 617.82715,74.56763 613.60254,73.03174 612.06738,68.42334 613.60254,63.81592 608.6123,56.13403 607.45996,56.51978 604.3877,63.04834 599.39746,64.58325 599.39746,50.75903 602.85254,42.69556 599.39746,41.15942 587.49121,52.67896 589.41309,66.88794 582.88379,55.75122 575.97168,51.91138 568.6748,54.21631 556.77246,58.05103 558.69043,68.03442 560.6123,71.10693 572.5166,68.42334 577.12598,77.25513 582.49902,79.9436 579.81152,85.3147 568.29004,91.8479 566.37207,89.54712 561.7627,90.69849 557.54004,102.60083 567.52441,101.06567 580.5791,107.97388 575.58887,111.0481 577.50879,115.27466 582.49902,116.04175 573.66699,122.18384 554.85254,121.03149 552.5459,126.02368 551.39551,136.77563 557.54004,142.91919 563.68457,144.83911 577.12598,159.81567 586.72559,164.80591 600.93848,155.58716 597.86621,160.57935 598.63379,170.17896 614.37793,174.40552 620.52246,169.03149 615.91504,159.43188 610.14746,163.65552 609.38184,159.04224 611.68457,159.04224 617.82715,145.60571 635.87402,128.7063 655.07324,124.87036 658.53223,127.55981 668.5166,124.87036 675.42871,124.48755 675.81152,125.63989 674.27441,131.78345 679.65137,136.39185 672.74121,140.61548 672.74121,146.37524 675.81348,148.67896 682.72363,153.67017 685.7959,152.13403 683.49121,145.98657 683.87402,138.69556 686.18066,133.31958 688.4834,128.71216 685.02832,122.18384 681.95605,118.34302 673.12402,106.05103 661.21973,106.43774 655.0752,100.29419 648.93262,86.08618 650.08301,77.25415 670.81738,56.13696 670.81738,44.61841 661.9873,37.70337 641.25293,40.00732 623.2041,44.23193 613.9873,41.54321 607.0752,33.86255 603.61816,24.64795 604.00293,18.11938 613.98535,10.82373 615.90723,4.29614 613.98535,1.22412 600.16309,3.1438 "
   style="fill:#e6d7e9"
   id="polygon128" />
					<polygon
   points="600.16309,3.1438 586.33887,6.97876 581.34668,8.13916 570.21191,22.73096 558.30957,48.07642 557.9248,51.14893 560.22754,50.76514 570.98145,37.70825 571.74707,29.6438 578.65918,18.50806 583.65332,19.27661 583.65332,26.95142 577.88965,38.85278 576.73926,49.98853 589.41113,44.22778 602.08301,28.10376 605.9248,40.77563 611.29785,43.84814 620.13184,51.14893 627.43457,50.38013 629.34668,46.54321 634.33887,45.38794 633.57324,56.52466 635.1084,66.88794 633.57129,77.25415 617.82715,74.56763 613.60254,73.03174 612.06738,68.42334 613.60254,63.81592 608.6123,56.13403 607.45996,56.51978 604.3877,63.04834 599.39746,64.58325 599.39746,50.75903 602.85254,42.69556 599.39746,41.15942 587.49121,52.67896 589.41309,66.88794 582.88379,55.75122 575.97168,51.91138 568.6748,54.21631 556.77246,58.05103 558.69043,68.03442 560.6123,71.10693 572.5166,68.42334 577.12598,77.25513 582.49902,79.9436 579.81152,85.3147 568.29004,91.8479 566.37207,89.54712 561.7627,90.69849 557.54004,102.60083 567.52441,101.06567 580.5791,107.97388 575.58887,111.0481 577.50879,115.27466 582.49902,116.04175 573.66699,122.18384 554.85254,121.03149 552.5459,126.02368 551.39551,136.77563 557.54004,142.91919 563.68457,144.83911 577.12598,159.81567 586.72559,164.80591 600.93848,155.58716 597.86621,160.57935 598.63379,170.17896 614.37793,174.40552 620.52246,169.03149 615.91504,159.43188 610.14746,163.65552 609.38184,159.04224 611.68457,159.04224 617.82715,145.60571 635.87402,128.7063 655.07324,124.87036 658.53223,127.55981 668.5166,124.87036 675.42871,124.48755 675.81152,125.63989 674.27441,131.78345 679.65137,136.39185 672.74121,140.61548 672.74121,146.37524 675.81348,148.67896 682.72363,153.67017 685.7959,152.13403 683.49121,145.98657 683.87402,138.69556 686.18066,133.31958 688.4834,128.71216 685.02832,122.18384 681.95605,118.34302 673.12402,106.05103 661.21973,106.43774 655.0752,100.29419 648.93262,86.08618 650.08301,77.25415 670.81738,56.13696 670.81738,44.61841 661.9873,37.70337 641.25293,40.00732 623.2041,44.23193 613.9873,41.54321 607.0752,33.86255 603.61816,24.64795 604.00293,18.11938 613.98535,10.82373 615.90723,4.29614 613.98535,1.22412 600.16309,3.1438 "
   style="fill:none;stroke:#000000;stroke-width:0.42519999;stroke-miterlimit:3.8636899"
   id="polygon130" />
				</g>
			</g>
			<g
   id="g132">
				<polygon
   points="625.90723,212.4231 632.03418,224.32544 638.56152,226.24243 640.10254,224.3313 640.87012,232.77563 627.42871,236.99829 620.12988,232.0061 618.97949,236.23169 609.75488,235.8479 608.99512,230.08716 600.5459,227.39771 600.93262,224.71216 610.91504,221.63989 609.7627,218.56763 616.6748,218.18384 620.51465,212.4231 625.90723,212.4231 "
   style="fill:#ffdddd"
   id="polygon134" />
				<polygon
   points="625.90723,212.4231 632.03418,224.32544 638.56152,226.24243 640.10254,224.3313 640.87012,232.77563 627.42871,236.99829 620.12988,232.0061 618.97949,236.23169 609.75488,235.8479 608.99512,230.08716 600.5459,227.39771 600.93262,224.71216 610.91504,221.63989 609.7627,218.56763 616.6748,218.18384 620.51465,212.4231 625.90723,212.4231 "
   style="fill:none;stroke:#000000;stroke-width:0.42519999;stroke-miterlimit:3.8636899"
   id="polygon136" />
			</g>
			<g
   id="g138">
				<g
   id="g140">
					<polygon
   points="196.22754,295.36743 196.58105,291.1438 201.56934,268.48755 213.47363,261.57544 217.31348,264.64771 218.46973,276.16724 224.99707,274.24731 234.97754,278.08716 239.58691,285.76782 237.66895,291.52759 239.2041,295.36743 244.19824,289.60571 249.18848,287.68774 251.49121,288.83911 258.40137,279.62329 262.62793,280.38696 267.61816,283.46216 265.7002,292.67993 265.7002,296.90356 264.5459,304.20239 264.5459,310.34888 266.85254,311.50024 260.3252,316.10376 262.62793,323.78345 258.40137,326.46997 260.32324,336.83618 265.69824,337.60278 268.3877,339.1438 267.62012,342.21606 269.9248,350.26196 266.46973,354.09888 267.62012,356.78638 266.08301,357.55981 258.02051,356.40552 252.26074,352.17896 252.64355,350.26196 249.18848,347.2063 245.34863,354.87036 243.42871,352.18384 241.12402,351.41528 238.81934,353.33423 237.66895,361.39771 235.36816,358.7063 224.22754,361.39771 216.93066,359.47974 206.56543,361.78052 208.4834,358.70825 201.95605,358.71216 200.41895,364.85571 201.18848,368.69556 200.41895,380.98364 194.27441,391.35181 191.58691,392.50317 188.5166,390.58228 182.75488,389.81567 181.9873,393.65063 178.14746,394.41919 167.78027,393.65552 165.47363,395.96021 158.56152,403.25513 153.95605,404.79028 162.40137,415.15454 158.56152,421.68286 158.18066,425.91138 154.72168,427.44751 149.73145,423.99146 145.50879,427.44751 145.50879,422.45532 137.82715,422.83813 136.29004,430.51978 125.15527,435.89575 123.61816,435.89575 124.3877,428.21606 117.47559,427.8313 114.40137,421.68774 106.33887,422.06958 105.95605,424.37036 99.42871,425.13892 93.66699,422.83521 94.05371,416.31177 92.12988,414.77563 91.74316,411.31958 89.82715,410.16333 81.0127,406.32544 78.30957,392.49927 74.46582,389.0481 72.54395,387.1311 66.02051,384.82349 62.56543,386.35962 56.41895,384.4397 54.49902,383.67017 49.12598,379.44263 48.35645,372.91919 47.20215,371.76782 44.89941,370.61548 37.21777,369.46216 39.13965,357.17505 40.29395,353.33911 39.52441,349.88013 38.37207,346.05396 34.53223,330.30981 39.90918,322.24634 46.43652,321.09497 64.10059,303.0481 68.70996,306.11938 75.2373,311.88013 83.2998,308.80591 76.77246,304.96802 66.78809,302.66724 69.86035,294.60278 68.70996,290.75903 79.84082,283.46216 84.4502,280.0061 93.66699,274.63208 109.40918,268.87036 117.09082,269.63989 122.08301,270.02368 129.7627,268.10376 143.20215,280.0061 145.88965,283.46216 143.58691,290.75903 144.74121,295.75122 149.34863,298.82349 153.95605,299.2063 163.1709,288.45044 167.78223,294.5979 179.68457,298.43481 179.2998,301.51099 177.38184,301.1311 177.38184,304.96802 176.99707,313.03149 182.75684,316.48755 183.13965,320.71216 185.82715,323.40259 187.74707,318.40552 197.34668,322.63208 205.02832,316.10376 208.10059,309.57544 201.95605,308.4231 204.26074,299.58716 196.22754,295.36743 "
   style="fill:#fff1cf"
   id="polygon142" />
					<polygon
   points="196.22754,295.36743 196.58105,291.1438 201.56934,268.48755 213.47363,261.57544 217.31348,264.64771 218.46973,276.16724 224.99707,274.24731 234.97754,278.08716 239.58691,285.76782 237.66895,291.52759 239.2041,295.36743 244.19824,289.60571 249.18848,287.68774 251.49121,288.83911 258.40137,279.62329 262.62793,280.38696 267.61816,283.46216 265.7002,292.67993 265.7002,296.90356 264.5459,304.20239 264.5459,310.34888 266.85254,311.50024 260.3252,316.10376 262.62793,323.78345 258.40137,326.46997 260.32324,336.83618 265.69824,337.60278 268.3877,339.1438 267.62012,342.21606 269.9248,350.26196 266.46973,354.09888 267.62012,356.78638 266.08301,357.55981 258.02051,356.40552 252.26074,352.17896 252.64355,350.26196 249.18848,347.2063 245.34863,354.87036 243.42871,352.18384 241.12402,351.41528 238.81934,353.33423 237.66895,361.39771 235.36816,358.7063 224.22754,361.39771 216.93066,359.47974 206.56543,361.78052 208.4834,358.70825 201.95605,358.71216 200.41895,364.85571 201.18848,368.69556 200.41895,380.98364 194.27441,391.35181 191.58691,392.50317 188.5166,390.58228 182.75488,389.81567 181.9873,393.65063 178.14746,394.41919 167.78027,393.65552 165.47363,395.96021 158.56152,403.25513 153.95605,404.79028 162.40137,415.15454 158.56152,421.68286 158.18066,425.91138 154.72168,427.44751 149.73145,423.99146 145.50879,427.44751 145.50879,422.45532 137.82715,422.83813 136.29004,430.51978 125.15527,435.89575 123.61816,435.89575 124.3877,428.21606 117.47559,427.8313 114.40137,421.68774 106.33887,422.06958 105.95605,424.37036 99.42871,425.13892 93.66699,422.83521 94.05371,416.31177 92.12988,414.77563 91.74316,411.31958 89.82715,410.16333 81.0127,406.32544 78.30957,392.49927 74.46582,389.0481 72.54395,387.1311 66.02051,384.82349 62.56543,386.35962 56.41895,384.4397 54.49902,383.67017 49.12598,379.44263 48.35645,372.91919 47.20215,371.76782 44.89941,370.61548 37.21777,369.46216 39.13965,357.17505 40.29395,353.33911 39.52441,349.88013 38.37207,346.05396 34.53223,330.30981 39.90918,322.24634 46.43652,321.09497 64.10059,303.0481 68.70996,306.11938 75.2373,311.88013 83.2998,308.80591 76.77246,304.96802 66.78809,302.66724 69.86035,294.60278 68.70996,290.75903 79.84082,283.46216 84.4502,280.0061 93.66699,274.63208 109.40918,268.87036 117.09082,269.63989 122.08301,270.02368 129.7627,268.10376 143.20215,280.0061 145.88965,283.46216 143.58691,290.75903 144.74121,295.75122 149.34863,298.82349 153.95605,299.2063 163.1709,288.45044 167.78223,294.5979 179.68457,298.43481 179.2998,301.51099 177.38184,301.1311 177.38184,304.96802 176.99707,313.03149 182.75684,316.48755 183.13965,320.71216 185.82715,323.40259 187.74707,318.40552 197.34668,322.63208 205.02832,316.10376 208.10059,309.57544 201.95605,308.4231 204.26074,299.58716 196.22754,295.36743 "
   style="fill:none;stroke:#000000;stroke-width:0.42519999;stroke-miterlimit:3.8636899"
   id="polygon144" />
				</g>
				<g
   id="g146">
					<polygon
   points="190.81738,288.83911 199.26855,266.95142 198.88379,264.64771 194.65918,263.11157 178.91504,269.25513 172.77051,275.78345 175.07129,285.00317 190.81738,288.83911 "
   style="fill:#fff1cf"
   id="polygon148" />
					<polygon
   points="190.81738,288.83911 199.26855,266.95142 198.88379,264.64771 194.65918,263.11157 178.91504,269.25513 172.77051,275.78345 175.07129,285.00317 190.81738,288.83911 "
   style="fill:none;stroke:#000000;stroke-width:0.42519999;stroke-miterlimit:3.8636899"
   id="polygon150" />
				</g>
			</g>
			<polyline
   style="fill:none;fill-rule:evenodd;stroke:#000000;stroke-width:0.85039997;stroke-miterlimit:3.8636899"
   points="583.42432,432.75269 577.77539,432.4563 584.4668,439.88794 "
   id="polyline152" />
			<g
   id="g154">
				<rect
   width="74.502441"
   height="21"
   x="351.02393"
   y="333.13794"
   style="fill:none"
   id="rect156" /> 
				<text
   x="377.02393"
   y="349.38989"
   style="line-height:125%"
   id="text158"><tspan
     x="377.02393"
     y="349.38989"
     style="font-size:20px;font-style:normal;font-variant:normal;font-weight:normal;font-stretch:normal;text-align:center;line-height:125%;writing-mode:lr-tb;text-anchor:middle;font-family:Sans"
     id="tspan160">Güstrow</tspan></text>

			<text
   x="306.33768"
   y="267.45813"
   style="line-height:125%"
   id="text2328"><tspan
     x="306.33768"
     y="267.45813"
     style="font-size:20px;font-style:normal;font-variant:normal;font-weight:normal;font-stretch:normal;text-align:center;line-height:125%;writing-mode:lr-tb;text-anchor:middle;font-family:Sans"
     id="tspan2330">Bad Doberan</tspan></text>
<text
   x="491.88904"
   y="202.39467"
   style="line-height:125%"
   id="text2332"><tspan
     x="491.88904"
     y="202.39467"
     style="font-size:20px;font-style:normal;font-variant:normal;font-weight:normal;font-stretch:normal;text-align:center;line-height:125%;writing-mode:lr-tb;text-anchor:middle;font-family:Sans"
     id="tspan2334">Nordvorpommern</tspan></text>
<text
   x="671.0144"
   y="305.211"
   style="font-size:20px;font-style:normal;font-variant:normal;font-weight:normal;font-stretch:normal;text-align:center;line-height:125%;writing-mode:lr-tb;text-anchor:middle;font-family:Sans"
   id="text2336"><tspan
     x="671.0144"
     y="305.211"
     id="tspan2344">Ostvor-</tspan><tspan
     x="671.0144"
     y="330.211"
     id="tspan2346">pommern</tspan></text>
<text
   x="453.33292"
   y="473.89407"
   style="line-height:125%"
   id="text2348"><tspan
     x="453.33292"
     y="473.89407"
     style="font-size:20px;font-style:normal;font-variant:normal;font-weight:normal;font-stretch:normal;text-align:center;line-height:125%;writing-mode:lr-tb;text-anchor:middle;font-family:Sans"
     id="tspan2350">Müritz</tspan></text>
<text
   x="544.10046"
   y="343.76715"
   style="line-height:125%"
   id="text2352"><tspan
     x="544.10046"
     y="343.76715"
     style="font-size:20px;font-style:normal;font-variant:normal;font-weight:normal;font-stretch:normal;text-align:center;line-height:125%;writing-mode:lr-tb;text-anchor:middle;font-family:Sans"
     id="tspan2354">Demmin</tspan></text>
<text
   x="292.68237"
   y="448.99326"
   style="line-height:125%"
   id="text2356"><tspan
     x="292.68237"
     y="448.99326"
     style="font-size:20px;font-style:normal;font-variant:normal;font-weight:normal;font-stretch:normal;text-align:center;line-height:125%;writing-mode:lr-tb;text-anchor:middle;font-family:Sans"
     id="tspan2358">Parchim</tspan></text>
<text
   x="770.61774"
   y="395.97858"
   style="font-size:20px;font-style:normal;font-variant:normal;font-weight:normal;font-stretch:normal;text-align:center;line-height:125%;writing-mode:lr-tb;text-anchor:middle;font-family:Sans"
   id="text2360"><tspan
     x="770.61774"
     y="395.97858"
     id="tspan2364">Uecker-</tspan><tspan
     x="770.61774"
     y="420.97858"
     id="tspan2366">Randow</tspan></text>
<text
   x="613.98346"
   y="102.79134"
   style="line-height:125%"
   id="text2368"><tspan
     x="613.98346"
     y="102.79134"
     style="font-size:20px;font-style:normal;font-variant:normal;font-weight:normal;font-stretch:normal;text-align:center;line-height:125%;writing-mode:lr-tb;text-anchor:middle;font-family:Sans"
     id="tspan2370">Rügen</tspan></text>
<text
   x="144.08063"
   y="505.22095"
   style="line-height:125%"
   id="text2372"><tspan
     x="144.08063"
     y="505.22095"
     style="font-size:20px;font-style:normal;font-variant:normal;font-weight:normal;font-stretch:normal;text-align:center;line-height:125%;writing-mode:lr-tb;text-anchor:middle;font-family:Sans"
     id="tspan2374">Ludwigslust</tspan></text>
<text
   x="127.21232"
   y="343.76715"
   style="font-size:20px;font-style:normal;font-variant:normal;font-weight:normal;font-stretch:normal;text-align:center;line-height:125%;writing-mode:lr-tb;text-anchor:middle;font-family:Sans"
   id="text2376"><tspan
     x="127.21232"
     y="343.76715"
     id="tspan2380">Nordwest-</tspan><tspan
     x="127.21232"
     y="368.76715"
     id="tspan2382">mecklenburg</tspan></text>
<text
   x="585.86963"
   y="493.9754"
   style="font-size:20px;font-style:normal;font-variant:normal;font-weight:normal;font-stretch:normal;text-align:center;line-height:125%;writing-mode:lr-tb;text-anchor:middle;font-family:Sans"
   id="text2384"><tspan
     x="585.86963"
     y="493.9754"
     id="tspan2392">Mecklenburg-</tspan><tspan
     x="585.86963"
     y="518.9754"
     id="tspan2394">Strelitz</tspan></text>
<text
   x="622.01599"
   y="230.50851"
   style="line-height:125%"
   id="text2396"><tspan
     x="622.01599"
     y="230.50851"
     style="font-size:20px;font-style:normal;font-variant:normal;font-weight:normal;font-stretch:normal;text-align:center;line-height:125%;writing-mode:lr-tb;text-anchor:middle;font-family:Sans"
     id="tspan2398">1</tspan></text>
<text
   x="597.9184"
   y="433.73145"
   style="line-height:125%"
   id="text2400"><tspan
     x="597.9184"
     y="433.73145"
     style="font-size:20px;font-style:normal;font-variant:normal;font-weight:normal;font-stretch:normal;text-align:center;line-height:125%;writing-mode:lr-tb;text-anchor:middle;font-family:Sans"
     id="tspan2402">2</tspan></text>
<text
   x="329.63199"
   y="203.19792"
   style="line-height:125%"
   id="text2404"><tspan
     x="329.63199"
     y="203.19792"
     style="font-size:20px;font-style:normal;font-variant:normal;font-weight:normal;font-stretch:normal;text-align:center;line-height:125%;writing-mode:lr-tb;text-anchor:middle;font-family:Sans"
     id="tspan2406">3</tspan></text>
<text
   x="185.63199"
   y="421.19791"
   style="line-height:125%"
   id="text2408"><tspan
     x="185.63199"
     y="421.19791"
     style="font-size:20px;font-style:normal;font-variant:normal;font-weight:normal;font-stretch:normal;text-align:center;line-height:125%;writing-mode:lr-tb;text-anchor:middle;font-family:Sans"
     id="tspan2410">4</tspan></text>
<text
   x="528.62091"
   y="167.37006"
   style="line-height:125%"
   id="text2412"><tspan
     x="528.62091"
     y="167.37006"
     style="font-size:20px;font-style:normal;font-variant:normal;font-weight:normal;font-stretch:normal;text-align:center;line-height:125%;writing-mode:lr-tb;text-anchor:middle;font-family:Sans"
     id="tspan2414">5</tspan></text>
<text
   x="197.6808"
   y="317.57831"
   style="line-height:125%"
   id="text2416"><tspan
     x="197.6808"
     y="317.57831"
     style="font-size:20px;font-style:normal;font-variant:normal;font-weight:normal;font-stretch:normal;text-align:center;line-height:125%;writing-mode:lr-tb;text-anchor:middle;font-family:Sans"
     id="tspan2418">6</tspan></text>
<text
   x="46.337677"
   y="141.45813"
   style="font-size:20px;font-style:normal;font-variant:normal;font-weight:normal;font-stretch:normal;text-align:start;line-height:104.99999523%;writing-mode:lr-tb;text-anchor:start;font-family:Sans"
   id="text2420"><tspan
     x="46.337677"
     y="141.45813"
     id="tspan2434">1 Greifswald</tspan><tspan
     x="46.337677"
     y="162.45813"
     id="tspan2436">2 Neubrandenburg</tspan><tspan
     x="46.337677"
     y="183.45813"
     id="tspan2438">3 Rostock</tspan><tspan
     x="46.337677"
     y="204.45813"
     id="tspan2440">4 Schwerin</tspan><tspan
     x="46.337677"
     y="225.45813"
     id="tspan2442">5 Stralsund</tspan><tspan
     x="46.337677"
     y="246.45813"
     id="tspan2444">6 Wismar</tspan></text>
<text
   x="9.9993162"
   y="33.181652"
   style="font-size:28px;font-style:normal;font-variant:normal;font-weight:bold;font-stretch:normal;text-align:start;line-height:125%;writing-mode:lr-tb;text-anchor:start;font-family:Sans"
   id="text2424"><tspan
     x="9.9993162"
     y="33.181652"
     id="tspan2430">Landkreise und kreisfreie Städte</tspan><tspan
     x="9.9993162"
     y="68.181648"
     id="tspan2432">in Mecklenburg-Vorpommern</tspan></text>
<text
   x="46.337677"
   y="115.45813"
   style="font-size:23px;font-style:normal;font-variant:normal;font-weight:normal;font-stretch:normal;text-align:start;line-height:104.99999523%;writing-mode:lr-tb;text-anchor:start;font-family:Sans"
   id="text2446"><tspan
     x="46.337677"
     y="115.45813"
     id="tspan2460">Kreisfreie Städte</tspan></text>
</g>
		</g>
		<g
   id="Länder">
			<polygon
   points="190.81738,288.83911 199.26855,266.95142 198.88379,264.64771 194.65918,263.11157 178.91504,269.25513 172.77051,275.78345 175.07129,285.00317 190.81738,288.83911 "
   style="fill:none;stroke:#000000;stroke-width:2.26769996;stroke-miterlimit:3.8636899"
   id="polygon163" />
			<polygon
   points="793.31348,268.87427 786.40137,261.57544 777.18848,252.35962 759.90918,237.76782 757.21777,235.07935 744.5459,226.24731 738.01855,224.71216 727.65332,219.71997 717.66895,210.88794 713.8291,206.27954 706.14551,189.76782 701.9248,188.61548 695.0127,192.06958 695.39551,203.2063 703.45801,212.03931 706.91504,212.80591 708.4541,216.26196 706.14746,230.08716 704.99707,235.46216 699.62012,242.75903 700.78027,246.98364 707.68457,246.98364 709.60449,241.99536 718.81738,235.07935 723.81152,236.99829 719.20215,247.75122 719.96973,252.74341 735.33105,246.21606 736.86816,241.98657 731.87402,230.85376 734.18066,228.93384 743.78027,228.16724 750.69043,238.15161 752.6123,247.75122 757.60254,244.67896 760.6748,247.75122 762.97949,256.96802 760.6748,269.63989 762.59668,271.55981 760.6748,273.47974 751.84277,265.7981 749.15527,266.95142 744.5459,267.71802 744.16309,276.54321 741.47363,267.71021 746.08301,262.71802 744.16309,255.81079 739.1709,254.27466 731.87402,256.19263 729.95605,259.26489 729.57129,265.02661 735.71582,270.78638 739.94043,284.61548 737.25293,293.06177 730.72559,298.43481 719.2041,301.50708 716.5166,306.88306 723.42871,311.49048 732.26074,312.25708 751.45996,307.65552 762.98145,298.4397 783.71582,298.4397 787.94043,298.05396 795.61816,296.90356 801.7627,298.82349 801.38184,290.37524 798.69043,283.8479 795.62012,281.15454 799.45996,280.77075 803.2998,275.77856 793.31348,268.87427 "
   style="fill:none;stroke:#000000;stroke-width:2.26769996;stroke-miterlimit:3.8636899"
   id="polygon165" />
			<polygon
   points="548.3252,56.13403 548.3252,58.05103 546.50293,67.78833 543.06934,85.09888 538.72559,89.15747 537.57129,86.08716 542.56934,52.34912 543.71582,40.39185 547.94043,35.02075 554.08496,34.63599 554.08496,38.47583 548.56934,43.09912 548.3252,56.13403 "
   style="fill:none;stroke:#000000;stroke-width:2.26769996;stroke-miterlimit:3.8636899"
   id="polygon167" />
			<polygon
   points="600.16309,3.1438 586.33887,6.97876 581.34668,8.13916 570.21191,22.73096 558.30957,48.07642 557.9248,51.14893 560.22754,50.76514 570.98145,37.70825 571.74707,29.6438 578.65918,18.50806 583.65332,19.27661 583.65332,26.95142 577.88965,38.85278 576.73926,49.98853 589.41113,44.22778 602.08301,28.10376 605.9248,40.77563 611.29785,43.84814 620.13184,51.14893 627.43457,50.38013 629.34668,46.54321 634.33887,45.38794 633.57324,56.52466 635.1084,66.88794 633.57129,77.25415 617.82715,74.56763 613.60254,73.03174 612.06738,68.42334 613.60254,63.81592 608.6123,56.13403 607.45996,56.51978 604.3877,63.04834 599.39746,64.58325 599.39746,50.75903 602.85254,42.69556 599.39746,41.15942 587.49121,52.67896 589.41309,66.88794 582.88379,55.75122 575.97168,51.91138 568.6748,54.21631 556.77246,58.05103 558.69043,68.03442 560.6123,71.10693 572.5166,68.42334 577.12598,77.25513 582.49902,79.9436 579.81152,85.3147 568.29004,91.8479 566.37207,89.54712 561.7627,90.69849 557.54004,102.60083 567.52441,101.06567 580.5791,107.97388 575.58887,111.0481 577.50879,115.27466 582.49902,116.04175 573.66699,122.18384 554.85254,121.03149 552.5459,126.02368 551.39551,136.77563 557.54004,142.91919 563.68457,144.83911 577.12598,159.81567 586.72559,164.80591 600.93848,155.58716 597.86621,160.57935 598.63379,170.17896 614.37793,174.40552 620.52246,169.03149 615.91504,159.43188 610.14746,163.65552 609.38184,159.04224 611.68457,159.04224 617.82715,145.60571 635.87402,128.7063 655.07324,124.87036 658.53223,127.55981 668.5166,124.87036 675.42871,124.48755 675.81152,125.63989 674.27441,131.78345 679.65137,136.39185 672.74121,140.61548 672.74121,146.37524 675.81348,148.67896 682.72363,153.67017 685.7959,152.13403 683.49121,145.98657 683.87402,138.69556 686.18066,133.31958 688.4834,128.71216 685.02832,122.18384 681.95605,118.34302 673.12402,106.05103 661.21973,106.43774 655.0752,100.29419 648.93262,86.08618 650.08301,77.25415 670.81738,56.13696 670.81738,44.61841 661.9873,37.70337 641.25293,40.00732 623.2041,44.23193 613.9873,41.54321 607.0752,33.86255 603.61816,24.64795 604.00293,18.11938 613.98535,10.82373 615.90723,4.29614 613.98535,1.22412 600.16309,3.1438 "
   style="fill:none;stroke:#000000;stroke-width:2.26769996;stroke-miterlimit:3.8636899"
   id="polygon169" />
			<polygon
   points="68.70996,290.75903 79.84082,283.46216 84.4502,280.0061 93.66699,274.63208 109.40918,268.87036 117.09082,269.63989 122.08301,270.02368 129.7627,268.10376 143.20215,280.0061 145.88965,283.46216 143.58691,290.75903 144.74121,295.75122 149.34863,298.82349 153.95605,299.2063 163.1709,288.45044 167.78223,294.5979 179.68457,298.43481 179.2998,301.50708 189.66699,308.4231 196.19629,295.36743 196.58105,291.1438 201.56934,268.48755 213.47363,261.57544 218.46973,251.97583 217.70215,248.13892 224.6123,245.44751 227.2998,238.53442 221.54004,238.53442 203.1084,257.35181 202.33887,250.05103 211.1709,236.99829 220.77246,233.54419 235.3623,217.7981 241.50879,213.57056 261.47559,215.11157 267.61816,216.26196 277.98535,215.88013 292.96191,209.73364 306.01855,205.12622 308.3252,204.35962 325.21973,207.43188 326.75684,213.19458 326.37988,221.25513 334.06152,233.5481 343.27832,233.16431 337.13379,228.93872 334.44629,216.64771 339.43652,195.53052 351.72363,176.71216 370.14551,164.4231 380.51465,156.74341 386.65918,146.37524 392.41895,133.31958 403.94043,116.80591 416.99707,88.0061 417.76465,88.77271 427.3623,95.30396 443.87402,97.60571 455.00879,99.52563 506.08301,96.83911 506.85254,98.75903 509.15527,102.21606 508.00293,104.13403 498.40137,107.58716 468.45215,109.12622 452.32324,107.58716 446.18066,106.4397 444.64355,107.2063 432.74121,114.50317 433.12598,120.26196 402.02051,124.87036 398.56543,127.55981 397.79785,133.31958 398.94824,138.69556 393.57129,145.98657 385.88965,154.05103 387.42871,167.10669 390.88379,169.03149 399.71582,174.40552 408.93262,173.25122 399.71582,169.7981 397.41113,162.49927 402.40137,155.97095 411.61816,152.51978 410.85254,142.91919 422.75293,141.00317 427.74316,132.55591 423.90918,129.09497 427.74707,126.40552 432.73926,128.32544 448.10059,122.56274 451.1709,114.50317 461.15527,110.66724 462.69043,113.35669 454.62793,126.02856 472.6748,125.63989 479.58691,122.18384 483.81348,132.93872 488.03418,131.77856 492.26074,132.16724 499.1709,126.02368 502.62793,114.88794 508.76855,107.97583 522.20996,102.5979 524.51465,99.1438 528.73926,97.60864 529.88965,107.97583 531.81152,114.11938 536.03418,119.10962 541.7959,118.34302 546.40137,124.48755 542.56152,132.16724 549.47363,155.2063 558.69043,160.57935 558.69043,165.57544 568.29004,160.96802 575.97168,170.18384 590.56152,171.33911 594.40137,180.17212 598.24121,186.69556 601.31543,190.53442 602.46973,192.83911 598.24316,199.36743 611.68457,192.06958 616.6748,194.37036 618.59668,195.91138 618.59668,196.29614 612.4541,201.67017 622.81934,205.89575 625.8916,212.4231 632.03418,224.32544 638.56152,226.24243 640.10059,224.32544 638.56152,222.02368 634.33887,213.1897 650.08301,207.81567 656.6123,207.0481 666.97949,203.21021 681.56934,190.53833 686.55371,193.6106 681.95605,197.06177 706.53027,216.64282 706.53223,217.03149 704.99707,220.10376 704.6123,222.40552 702.69043,236.23169 694.62793,242.37427 700.3877,250.05396 716.89941,262.34692 720.35645,267.33423 721.12402,271.55981 727.65137,273.47974 734.56152,282.69556 716.12988,299.2063 713.82715,304.96802 712.29004,308.03931 713.82715,310.34302 714.98145,312.64771 722.65918,312.26685 733.41309,326.47485 743.78027,331.46216 753.7627,337.60571 763.74707,342.21606 780.64355,347.58716 787.94043,347.2063 793.31348,345.67017 797.54004,348.35962 807.52441,338.37524 815.96973,342.21606 817.50684,346.05103 812.89746,353.71509 805.98535,358.32544 806.37207,361.39771 810.21191,362.552 817.50879,361.39771 820.96191,366.38696 822.49902,383.67017 830.18066,390.57935 830.18066,407.09106 828.64355,414.77563 832.10059,424.75903 835.1709,433.59106 841.31543,440.11938 842.85254,450.10376 845.9248,458.93384 852.83496,480.43481 852.06934,488.50317 855.52441,490.80591 857.82715,497.71997 850.91504,500.02368 849.7627,503.09595 836.70996,505.01587 835.1709,510.38696 834.01855,514.99829 825.57129,518.83521 826.33887,525.36646 814.43457,527.66821 808.6748,526.13403 802.14551,523.8313 795.61816,526.90356 789.09082,526.51978 791.78027,517.30396 804.83496,503.09595 810.59668,495.7981 816.73926,483.89575 818.27441,473.52661 813.66699,460.46997 805.21777,465.84302 790.24316,458.93384 787.1709,466.61841 775.26855,470.45435 773.72949,464.69556 763.74707,463.15942 754.91504,465.07935 750.69043,465.46216 745.31543,468.91919 742.24316,465.8479 744.5459,457.78052 744.16309,455.47974 734.94629,450.10376 734.94629,439.35181 734.94629,438.57935 728.03418,435.12231 721.88965,433.97095 716.5166,420.53442 716.13184,419.00317 712.6748,422.83911 712.29785,436.27954 717.28613,440.88794 706.14746,448.56763 697.31543,450.48755 680.41895,468.53442 682.33887,471.98657 680.03418,476.98364 671.97168,477.36743 668.5166,478.13403 665.05957,480.82349 665.05957,485.81567 665.44434,490.03931 658.91504,500.02368 658.53223,511.92505 650.85254,522.29028 640.48535,524.59106 630.88574,541.87134 622.81934,529.2063 610.14746,528.82153 604.00293,534.96606 599.39746,536.11938 597.09082,545.71997 594.78809,553.01587 589.41113,552.24731 585.57129,545.71997 583.26855,541.49341 575.97168,541.87817 571.74707,546.48755 567.13965,546.10083 567.13965,554.93384 551.78027,563.76587 549.47363,566.83521 547.55566,571.05884 540.64355,575.28735 536.41895,574.13403 537.95605,562.99536 531.81152,562.61548 527.20215,567.22192 527.58691,564.5354 523.74707,564.5354 517.9873,569.90942 511.0752,566.45532 510.30957,564.91626 508.77246,562.61548 501.86035,565.68774 501.86035,566.45044 490.34082,567.98657 484.58105,564.14966 488.80371,554.93384 476.51465,554.55005 472.6748,554.16626 467.2998,551.85864 469.60254,546.48755 458.85254,544.18384 455.0127,547.63306 441.18848,542.25903 441.57129,541.87817 430.43457,542.64282 426.59668,545.33423 418.14551,547.63794 415.07324,543.03149 414.30762,538.80591 409.68848,536.88794 405.86035,534.58325 406.62793,529.59106 391.65332,523.05884 389.73145,521.52466 382.43652,519.60571 375.52441,521.1438 368.6123,508.46997 364.77246,510.38696 359.0127,514.61548 354.78613,516.15161 347.87402,508.08716 347.1084,512.69556 335.58691,513.8479 334.05371,505.39771 330.59668,504.63208 327.1416,505.39771 329.83496,513.07935 320.22754,518.83911 322.14551,523.8313 321.37988,531.8938 307.94043,541.87817 301.02832,542.25903 299.49121,542.25903 294.88574,540.34302 287.2041,551.85864 276.4541,550.32739 280.6748,558.77563 273.38184,560.30981 266.46973,560.30981 259.1709,564.14966 257.25293,558.77563 254.18066,558.77563 249.95605,554.55005 238.81738,556.46802 234.98145,555.70337 228.83691,561.8479 226.14551,565.68774 220.77246,566.83813 218.08496,568.75903 220.3877,581.0481 221.9248,584.88794 217.7002,590.25903 217.7002,597.9436 200.41895,599.47778 197.73145,594.48755 188.51465,594.48755 183.13965,594.86841 182.37207,597.17505 183.13965,606.00708 170.46777,604.85571 168.16309,603.70337 154.72559,602.93384 145.50879,594.10376 144.35645,593.71997 138.21191,596.78638 135.52441,596.40552 132.4541,588.7229 137.44434,582.58325 137.82715,580.65942 124.77246,576.43286 124.77246,572.60083 112.87012,566.83813 102.11426,549.17114 95.19824,540.72778 90.21191,523.8313 80.99707,523.44653 76.77246,518.45435 74.08301,518.45532 65.6377,528.05591 63.33105,526.51978 63.71973,530.35962 56.41895,534.96606 49.12207,531.50513 40.29004,526.13403 39.91699,522.29419 26.08496,510.77563 15.33105,511.15942 14.56152,511.15942 2.27051,513.46216 6.88379,505.77856 7.26465,495.41235 6.88574,493.88013 8.80176,483.89575 10.72559,478.90356 21.09277,478.51978 23.77832,479.28735 25.69629,470.45435 37.60254,468.53735 43.74316,460.09106 44.13184,459.31958 52.96582,457.01587 50.27441,453.9436 52.19629,448.56763 54.49902,445.88013 52.96582,439.35181 52.19824,434.74341 56.03809,433.58716 58.72559,437.427 72.16504,434.74341 74.85254,430.51978 75.2373,415.54419 75.61816,413.62329 80.99707,406.32544 78.30957,392.49927 74.46582,389.0481 72.54395,387.1311 66.02051,384.82349 62.56543,386.35962 56.41895,384.4397 54.49902,383.67017 49.12598,379.44263 48.35645,372.91919 47.20215,371.76782 44.89941,370.61548 37.21777,369.46216 39.13965,357.17505 40.29395,353.33911 39.52441,349.88013 38.37207,346.05396 34.53223,330.30981 39.90918,322.24634 46.43652,321.09497 64.10059,303.0481 68.70996,306.11938 75.2373,311.88013 83.2998,308.80591 76.77246,304.96802 66.78809,302.66724 69.86035,294.60278 68.70996,290.75903 "
   style="fill:none;stroke:#000000;stroke-width:2.26769996;stroke-miterlimit:3.8636899"
   id="polygon171" />
		</g>
	</svg>
</div>

</body>
</html>
